epoch:0 0.4358  0.7578  0.4500  0.2128  0.4700  0.4333  0.3530  0.6488  0.6504  0.3138  0.6122  0.6659  1.3318  0.004000
epoch:1 0.6997  0.9125  0.8767  0.3086  0.6349  0.7214  0.4927  0.7912  0.7912  0.5255  0.7447  0.8148  0.4209  0.004000
epoch:2 0.7535  0.9260  0.9126  0.3069  0.6840  0.7447  0.5275  0.8382  0.8382  0.5121  0.7794  0.8583  0.3301  0.004000
epoch:3 0.7639  0.9303  0.9176  0.3873  0.6784  0.7511  0.5316  0.8451  0.8455  0.5426  0.7865  0.8631  0.2870  0.004000
epoch:4 0.7714  0.9136  0.9041  0.4099  0.6738  0.7838  0.5309  0.8475  0.8475  0.6088  0.7780  0.8653  0.2649  0.004000
epoch:5 0.7797  0.9467  0.9369  0.4656  0.6929  0.7979  0.5367  0.8441  0.8441  0.6007  0.7864  0.8638  0.2453  0.004000
epoch:6 0.7933  0.9409  0.9291  0.4439  0.6861  0.8072  0.5495  0.8592  0.8592  0.6238  0.7932  0.8831  0.2381  0.004000
epoch:7 0.7837  0.9335  0.9240  0.5223  0.6839  0.7931  0.5374  0.8545  0.8545  0.5771  0.8000  0.8718  0.2328  0.004000
epoch:8 0.7870  0.9288  0.9192  0.3578  0.6684  0.8059  0.5401  0.8542  0.8542  0.5555  0.7837  0.8777  0.2210  0.004000
epoch:9 0.7920  0.9333  0.9248  0.3632  0.6614  0.8186  0.5481  0.8534  0.8534  0.4683  0.7731  0.8792  0.2086  0.004000
epoch:10 0.7756  0.9238  0.9120  0.5100  0.6638  0.8118  0.5305  0.8341  0.8341  0.5724  0.7575  0.8722  0.2064  0.004000
epoch:11 0.6825  0.8214  0.8135  0.5101  0.5961  0.6885  0.4744  0.7462  0.7462  0.5643  0.7048  0.7439  0.1994  0.004000
epoch:12 0.7833  0.9301  0.9176  0.3722  0.6741  0.8032  0.5379  0.8480  0.8480  0.4531  0.7830  0.8752  0.1910  0.004000
epoch:13 0.7842  0.9274  0.9147  0.4322  0.6543  0.8181  0.5453  0.8472  0.8472  0.5052  0.7639  0.8825  0.1868  0.004000
epoch:14 0.7944  0.9328  0.9268  0.3850  0.6815  0.8101  0.5476  0.8560  0.8560  0.4681  0.7880  0.8779  0.1891  0.004000
epoch:15 0.7917  0.9364  0.9314  0.4205  0.7045  0.8155  0.5400  0.8468  0.8468  0.5064  0.7899  0.8710  0.1800  0.004000
epoch:16 0.8054  0.9406  0.9313  0.4379  0.7104  0.8218  0.5495  0.8616  0.8616  0.5081  0.7982  0.8857  0.1656  0.000400
epoch:17 0.8066  0.9402  0.9346  0.4120  0.7132  0.8233  0.5512  0.8649  0.8649  0.4900  0.8024  0.8889  0.1611  0.000400
epoch:18 0.8076  0.9410  0.9316  0.4138  0.7204  0.8201  0.5523  0.8654  0.8654  0.4950  0.8084  0.8878  0.1592  0.000400
epoch:19 0.8054  0.9408  0.9333  0.4594  0.7065  0.8207  0.5510  0.8630  0.8630  0.5402  0.7990  0.8869  0.1592  0.000400
epoch:20 0.8030  0.9369  0.9330  0.4316  0.7076  0.8177  0.5521  0.8621  0.8621  0.5136  0.7947  0.8866  0.1570  0.000400
epoch:21 0.8056  0.9376  0.9290  0.4490  0.7088  0.8232  0.5519  0.8622  0.8622  0.5150  0.7973  0.8875  0.1569  0.000400
epoch:22 0.8067  0.9390  0.9331  0.4311  0.7125  0.8232  0.5514  0.8632  0.8632  0.5402  0.8013  0.8867  0.1553  0.000040
epoch:23 0.8064  0.9393  0.9299  0.4447  0.7101  0.8222  0.5516  0.8630  0.8630  0.5402  0.7975  0.8874  0.1544  0.000040
epoch:24 0.8064  0.9371  0.9281  0.4394  0.7111  0.8245  0.5516  0.8634  0.8634  0.5067  0.7983  0.8881  0.1544  0.000040
epoch:25 0.8042  0.9374  0.9300  0.4269  0.7071  0.8230  0.5466  0.8613  0.8613  0.5067  0.7983  0.8871  0.1551  0.000040
epoch:26 0.8034  0.9349  0.9275  0.4413  0.7026  0.8251  0.5487  0.8590  0.8590  0.5067  0.7917  0.8873  0.1544  0.000040
epoch:27 0.8071  0.9393  0.9340  0.4262  0.7130  0.8213  0.5511  0.8631  0.8631  0.5202  0.7995  0.8866  0.1545  0.000040
epoch:28 0.8050  0.9380  0.9322  0.4393  0.7056  0.8226  0.5504  0.8621  0.8621  0.5100  0.7968  0.8876  0.1545  0.000040
epoch:29 0.8031  0.9382  0.9307  0.4355  0.7058  0.8231  0.5488  0.8595  0.8595  0.5067  0.7947  0.8870  0.1542  0.000040
epoch:30 0.8044  0.9377  0.9285  0.4416  0.7059  0.8210  0.5497  0.8611  0.8611  0.5117  0.7955  0.8869  0.1538  0.000040
epoch:31 0.8027  0.9360  0.9304  0.4362  0.7065  0.8218  0.5487  0.8597  0.8597  0.5067  0.7952  0.8857  0.1536  0.000040
epoch:32 0.8041  0.9358  0.9282  0.4355  0.7065  0.8232  0.5487  0.8602  0.8602  0.5117  0.7945  0.8872  0.1541  0.000040
epoch:33 0.8021  0.9367  0.9258  0.4454  0.7071  0.8216  0.5470  0.8583  0.8583  0.5117  0.7913  0.8868  0.1530  0.000040
epoch:34 0.8052  0.9392  0.9314  0.4563  0.7108  0.8218  0.5496  0.8605  0.8605  0.5102  0.7965  0.8870  0.1540  0.000040
epoch:35 0.8031  0.9350  0.9274  0.4329  0.7030  0.8238  0.5487  0.8594  0.8594  0.5017  0.7931  0.8865  0.1534  0.000040
epoch:36 0.8052  0.9366  0.9277  0.4511  0.7118  0.8213  0.5499  0.8616  0.8616  0.5200  0.7959  0.8873  0.1529  0.000040
epoch:37 0.8042  0.9360  0.9305  0.4287  0.7099  0.8220  0.5519  0.8624  0.8624  0.5117  0.7971  0.8881  0.1546  0.000040
epoch:38 0.8048  0.9374  0.9262  0.4394  0.7111  0.8231  0.5499  0.8602  0.8602  0.5067  0.7949  0.8874  0.1527  0.000040
epoch:39 0.8025  0.9358  0.9264  0.4514  0.7039  0.8210  0.5495  0.8596  0.8596  0.5067  0.7929  0.8863  0.1532  0.000040
epoch:40 0.8011  0.9337  0.9298  0.4322  0.7075  0.8200  0.5473  0.8584  0.8584  0.5017  0.7929  0.8864  0.1535  0.000040
epoch:41 0.8046  0.9378  0.9287  0.4383  0.7038  0.8234  0.5486  0.8603  0.8603  0.5067  0.7929  0.8879  0.1532  0.000040
epoch:42 0.8049  0.9376  0.9307  0.4117  0.7126  0.8217  0.5509  0.8610  0.8610  0.4567  0.7966  0.8872  0.1531  0.000040
epoch:43 0.8056  0.9386  0.9317  0.4406  0.7062  0.8217  0.5507  0.8632  0.8632  0.5067  0.7986  0.8880  0.1524  0.000040
epoch:44 0.8030  0.9371  0.9300  0.4178  0.7051  0.8201  0.5491  0.8595  0.8595  0.4867  0.7942  0.8869  0.1525  0.000040
epoch:45 0.8062  0.9385  0.9290  0.4427  0.7063  0.8226  0.5502  0.8612  0.8612  0.5117  0.7961  0.8861  0.1517  0.000040
epoch:46 0.8086  0.9382  0.9333  0.4466  0.7141  0.8254  0.5531  0.8645  0.8645  0.5136  0.7978  0.8895  0.1527  0.000040
epoch:47 0.8046  0.9368  0.9276  0.4503  0.7040  0.8222  0.5506  0.8615  0.8615  0.5067  0.7969  0.8864  0.1532  0.000040
epoch:48 0.8058  0.9357  0.9307  0.4429  0.7148  0.8219  0.5490  0.8621  0.8621  0.5402  0.7983  0.8883  0.1531  0.000040
epoch:49 0.8025  0.9360  0.9270  0.4394  0.7055  0.8218  0.5470  0.8580  0.8580  0.5067  0.7897  0.8863  0.1521  0.000040
epoch:50 0.8057  0.9385  0.9315  0.4297  0.7055  0.8239  0.5509  0.8624  0.8624  0.4800  0.7963  0.8875  0.1529  0.000040
epoch:51 0.8084  0.9387  0.9300  0.4066  0.7143  0.8241  0.5527  0.8646  0.8646  0.4567  0.8001  0.8890  0.1524  0.000040
