epoch:0 0.5517  0.7582  0.6695  0.0407  0.3826  0.6087  0.4139  0.7617  0.7630  0.2850  0.7262  0.7863  1.3318  0.004000
epoch:1 0.7492  0.9125  0.8912  0.1367  0.5793  0.8147  0.5154  0.8280  0.8280  0.3940  0.7688  0.8522  0.4209  0.004000
epoch:2 0.7481  0.9260  0.8923  0.1574  0.6208  0.8120  0.5166  0.8256  0.8256  0.3679  0.7716  0.8510  0.3301  0.004000
epoch:3 0.7583  0.9304  0.9071  0.1971  0.6207  0.8166  0.5218  0.8327  0.8331  0.4262  0.7708  0.8542  0.2870  0.004000
epoch:4 0.7589  0.9136  0.8993  0.1324  0.6269  0.8172  0.5160  0.8294  0.8294  0.4448  0.7704  0.8502  0.2649  0.004000
epoch:5 0.7813  0.9467  0.9328  0.2460  0.6384  0.8298  0.5289  0.8351  0.8352  0.4498  0.7690  0.8611  0.2453  0.004000
epoch:6 0.7726  0.9409  0.9235  0.1987  0.6201  0.8302  0.5276  0.8332  0.8332  0.4448  0.7614  0.8641  0.2381  0.004000
epoch:7 0.7750  0.9335  0.9166  0.2940  0.6313  0.8310  0.5254  0.8409  0.8409  0.4250  0.7798  0.8631  0.2328  0.004000
epoch:8 0.7768  0.9288  0.9182  0.1518  0.6261  0.8352  0.5267  0.8396  0.8396  0.4114  0.7740  0.8666  0.2210  0.004000
epoch:9 0.7783  0.9333  0.9200  0.1353  0.6166  0.8326  0.5331  0.8338  0.8338  0.3450  0.7489  0.8650  0.2086  0.004000
epoch:10 0.7677  0.9238  0.9093  0.2924  0.6298  0.8267  0.5203  0.8193  0.8193  0.4279  0.7447  0.8597  0.2064  0.004000
epoch:11 0.6815  0.8214  0.8111  0.2821  0.5601  0.7115  0.4674  0.7403  0.7403  0.4400  0.6986  0.7418  0.1994  0.004000
epoch:12 0.7783  0.9301  0.9213  0.1874  0.6388  0.8363  0.5306  0.8373  0.8373  0.3269  0.7687  0.8672  0.1910  0.004000
epoch:13 0.7759  0.9274  0.9140  0.2069  0.6182  0.8418  0.5322  0.8325  0.8325  0.3886  0.7460  0.8720  0.1868  0.004000
epoch:14 0.7801  0.9328  0.9174  0.1617  0.6436  0.8315  0.5312  0.8364  0.8364  0.3469  0.7724  0.8611  0.1891  0.004000
epoch:15 0.7864  0.9364  0.9282  0.2282  0.6724  0.8350  0.5289  0.8350  0.8350  0.3733  0.7751  0.8648  0.1800  0.004000
epoch:16 0.7862  0.9407  0.9301  0.2450  0.6657  0.8335  0.5308  0.8375  0.8375  0.3969  0.7735  0.8641  0.1656  0.000400
epoch:17 0.7853  0.9402  0.9318  0.2453  0.6637  0.8342  0.5311  0.8388  0.8388  0.4069  0.7752  0.8650  0.1611  0.000400
epoch:18 0.7873  0.9410  0.9325  0.2695  0.6681  0.8365  0.5329  0.8396  0.8396  0.3783  0.7758  0.8665  0.1592  0.000400
epoch:19 0.7869  0.9408  0.9300  0.2485  0.6595  0.8362  0.5328  0.8402  0.8402  0.4069  0.7736  0.8666  0.1592  0.000400
epoch:20 0.7815  0.9370  0.9294  0.2348  0.6567  0.8339  0.5328  0.8364  0.8364  0.3719  0.7705  0.8647  0.1570  0.000400
epoch:21 0.7869  0.9376  0.9293  0.2691  0.6664  0.8374  0.5337  0.8389  0.8389  0.4019  0.7737  0.8670  0.1569  0.000400
epoch:22 0.7866  0.9390  0.9305  0.2600  0.6638  0.8358  0.5332  0.8398  0.8398  0.4319  0.7725  0.8670  0.1553  0.000040
epoch:23 0.7849  0.9393  0.9289  0.2670  0.6646  0.8340  0.5329  0.8377  0.8377  0.4319  0.7709  0.8653  0.1544  0.000040
epoch:24 0.7855  0.9373  0.9287  0.2997  0.6618  0.8349  0.5328  0.8377  0.8377  0.4069  0.7701  0.8655  0.1544  0.000040
epoch:25 0.7839  0.9374  0.9286  0.2703  0.6621  0.8344  0.5279  0.8375  0.8375  0.3769  0.7734  0.8655  0.1551  0.000040
epoch:26 0.7830  0.9350  0.9242  0.2982  0.6596  0.8362  0.5313  0.8361  0.8361  0.4069  0.7686  0.8664  0.1544  0.000040
epoch:27 0.7875  0.9394  0.9287  0.2418  0.6682  0.8366  0.5340  0.8401  0.8401  0.4019  0.7749  0.8673  0.1545  0.000040
epoch:28 0.7839  0.9381  0.9296  0.2946  0.6620  0.8328  0.5319  0.8373  0.8373  0.4019  0.7713  0.8647  0.1545  0.000040
epoch:29 0.7849  0.9383  0.9257  0.2586  0.6626  0.8359  0.5320  0.8372  0.8372  0.4019  0.7716  0.8662  0.1542  0.000040
epoch:30 0.7842  0.9377  0.9289  0.2652  0.6568  0.8350  0.5313  0.8366  0.8366  0.4019  0.7678  0.8648  0.1538  0.000040
epoch:31 0.7831  0.9360  0.9252  0.2597  0.6610  0.8354  0.5304  0.8357  0.8357  0.4019  0.7692  0.8655  0.1536  0.000040
epoch:32 0.7830  0.9358  0.9251  0.2658  0.6613  0.8351  0.5296  0.8354  0.8354  0.4069  0.7673  0.8663  0.1541  0.000040
epoch:33 0.7836  0.9367  0.9243  0.2987  0.6625  0.8355  0.5290  0.8350  0.8350  0.4069  0.7675  0.8663  0.1530  0.000040
epoch:34 0.7854  0.9392  0.9266  0.2352  0.6649  0.8345  0.5316  0.8363  0.8363  0.3669  0.7725  0.8652  0.1540  0.000040
epoch:35 0.7819  0.9350  0.9246  0.2671  0.6609  0.8349  0.5303  0.8349  0.8349  0.4019  0.7673  0.8659  0.1534  0.000040
epoch:36 0.7841  0.9366  0.9283  0.2595  0.6648  0.8353  0.5310  0.8362  0.8362  0.4019  0.7680  0.8658  0.1529  0.000040
epoch:37 0.7837  0.9361  0.9274  0.2513  0.6640  0.8349  0.5327  0.8373  0.8373  0.4019  0.7722  0.8656  0.1546  0.000040
epoch:38 0.7826  0.9374  0.9266  0.2677  0.6615  0.8342  0.5305  0.8349  0.8349  0.4019  0.7655  0.8662  0.1527  0.000040
epoch:39 0.7841  0.9358  0.9252  0.2648  0.6618  0.8349  0.5323  0.8369  0.8369  0.4069  0.7693  0.8658  0.1532  0.000040
epoch:40 0.7823  0.9338  0.9232  0.2687  0.6644  0.8353  0.5300  0.8351  0.8351  0.4019  0.7692  0.8657  0.1535  0.000040
epoch:41 0.7843  0.9378  0.9272  0.2685  0.6608  0.8347  0.5300  0.8354  0.8354  0.4069  0.7675  0.8648  0.1532  0.000040
epoch:42 0.7835  0.9376  0.9270  0.2289  0.6676  0.8337  0.5320  0.8355  0.8355  0.3469  0.7691  0.8642  0.1531  0.000040
epoch:43 0.7845  0.9387  0.9284  0.2581  0.6588  0.8344  0.5317  0.8379  0.8379  0.4019  0.7697  0.8661  0.1524  0.000040
epoch:44 0.7838  0.9371  0.9267  0.2600  0.6597  0.8346  0.5316  0.8361  0.8361  0.4019  0.7677  0.8658  0.1525  0.000040
epoch:45 0.7850  0.9385  0.9302  0.2287  0.6624  0.8346  0.5309  0.8359  0.8359  0.3719  0.7688  0.8645  0.1517  0.000040
epoch:46 0.7864  0.9382  0.9311  0.2281  0.6690  0.8360  0.5325  0.8373  0.8373  0.3719  0.7712  0.8659  0.1527  0.000040
epoch:47 0.7840  0.9368  0.9285  0.2627  0.6585  0.8346  0.5313  0.8363  0.8363  0.4069  0.7690  0.8640  0.1532  0.000040
epoch:48 0.7834  0.9357  0.9271  0.2435  0.6703  0.8362  0.5296  0.8361  0.8361  0.4069  0.7693  0.8661  0.1531  0.000040
epoch:49 0.7823  0.9360  0.9252  0.2703  0.6599  0.8347  0.5286  0.8338  0.8338  0.4019  0.7645  0.8655  0.1521  0.000040
epoch:50 0.7842  0.9385  0.9260  0.2877  0.6587  0.8359  0.5317  0.8372  0.8372  0.3719  0.7690  0.8657  0.1529  0.000040
epoch:51 0.7862  0.9387  0.9307  0.2039  0.6665  0.8360  0.5327  0.8384  0.8384  0.3719  0.7713  0.8667  0.1524  0.000040
