epoch:0 0.5594  0.8522  0.6916  0.1782  0.5484  0.5460  0.4200  0.7052  0.7058  0.2914  0.6459  0.7254  1.3793  0.004000
epoch:1 0.7201  0.9270  0.9007  0.1713  0.6527  0.7211  0.5029  0.8043  0.8045  0.3579  0.7549  0.8250  0.3924  0.004000
epoch:2 0.7634  0.9408  0.9228  0.1989  0.6922  0.7691  0.5256  0.8332  0.8333  0.3617  0.7812  0.8542  0.3135  0.004000
epoch:3 0.7598  0.9272  0.9178  0.2033  0.6693  0.7703  0.5248  0.8419  0.8419  0.3698  0.7864  0.8637  0.2769  0.004000
epoch:4 0.7843  0.9336  0.9254  0.2242  0.6920  0.8061  0.5410  0.8541  0.8541  0.3838  0.7926  0.8814  0.2620  0.004000
epoch:5 0.7821  0.9346  0.9239  0.1538  0.6903  0.7998  0.5399  0.8489  0.8489  0.2855  0.7835  0.8763  0.2505  0.004000
epoch:6 0.8075  0.9492  0.9355  0.2946  0.7160  0.8210  0.5518  0.8700  0.8700  0.5083  0.8175  0.8891  0.2332  0.004000
epoch:7 0.7899  0.9354  0.9244  0.1820  0.7017  0.8064  0.5408  0.8544  0.8544  0.2988  0.7974  0.8772  0.2237  0.004000
epoch:8 0.7742  0.9180  0.9006  0.2502  0.6878  0.7731  0.5365  0.8542  0.8542  0.4424  0.7971  0.8650  0.2167  0.004000
epoch:9 0.7851  0.9361  0.9271  0.2219  0.6910  0.7953  0.5454  0.8481  0.8481  0.3074  0.7774  0.8767  0.2065  0.004000
epoch:10 0.7858  0.9250  0.9190  0.1893  0.6874  0.8037  0.5481  0.8529  0.8529  0.2983  0.7831  0.8859  0.2036  0.004000
epoch:11 0.7920  0.9256  0.9175  0.1759  0.7059  0.7987  0.5464  0.8645  0.8645  0.2600  0.8104  0.8817  0.1971  0.004000
epoch:12 0.7843  0.9347  0.9210  0.2036  0.6901  0.7984  0.5421  0.8510  0.8510  0.2890  0.7941  0.8774  0.1912  0.004000
epoch:13 0.7943  0.9277  0.9177  0.4313  0.6822  0.8127  0.5528  0.8636  0.8636  0.5074  0.7814  0.8952  0.1889  0.004000
epoch:14 0.7943  0.9333  0.9208  0.3168  0.7007  0.8057  0.5479  0.8580  0.8580  0.4881  0.7881  0.8855  0.1828  0.004000
epoch:15 0.7887  0.9302  0.9203  0.3076  0.6947  0.7977  0.5450  0.8604  0.8604  0.5274  0.7900  0.8854  0.1765  0.004000
epoch:16 0.7996  0.9283  0.9198  0.4115  0.7027  0.8153  0.5488  0.8655  0.8655  0.5086  0.7971  0.8892  0.1648  0.000400
epoch:17 0.8011  0.9292  0.9205  0.2297  0.7001  0.8182  0.5485  0.8668  0.8668  0.3110  0.8016  0.8912  0.1619  0.000400
epoch:18 0.7967  0.9268  0.9157  0.4023  0.6934  0.8161  0.5481  0.8672  0.8672  0.4874  0.7908  0.8944  0.1595  0.000400
epoch:19 0.8001  0.9299  0.9188  0.2206  0.7016  0.8188  0.5494  0.8649  0.8649  0.3038  0.7952  0.8912  0.1574  0.000400
epoch:20 0.8017  0.9316  0.9188  0.4042  0.7021  0.8159  0.5509  0.8674  0.8674  0.4860  0.7971  0.8918  0.1564  0.000400
epoch:21 0.7993  0.9310  0.9207  0.2208  0.7046  0.8189  0.5512  0.8669  0.8669  0.2917  0.7949  0.8958  0.1575  0.000400
epoch:22 0.8037  0.9319  0.9215  0.2037  0.7064  0.8235  0.5531  0.8695  0.8695  0.2967  0.7979  0.8988  0.1545  0.000040
epoch:23 0.8015  0.9294  0.9228  0.2062  0.7034  0.8208  0.5534  0.8687  0.8687  0.2988  0.7966  0.8989  0.1552  0.000040
epoch:24 0.7998  0.9297  0.9214  0.2147  0.7049  0.8183  0.5509  0.8677  0.8677  0.2867  0.7962  0.8962  0.1542  0.000040
epoch:25 0.8021  0.9319  0.9217  0.2023  0.7058  0.8194  0.5513  0.8683  0.8683  0.2917  0.7986  0.8965  0.1533  0.000040
epoch:26 0.8001  0.9311  0.9235  0.2188  0.7010  0.8182  0.5519  0.8677  0.8677  0.2867  0.7918  0.8976  0.1547  0.000040
epoch:27 0.8000  0.9294  0.9192  0.2211  0.7012  0.8197  0.5524  0.8678  0.8678  0.2917  0.7924  0.8976  0.1537  0.000040
epoch:28 0.8015  0.9324  0.9224  0.2036  0.7000  0.8210  0.5520  0.8676  0.8676  0.2917  0.7915  0.8973  0.1545  0.000040
epoch:29 0.8033  0.9310  0.9208  0.2019  0.7048  0.8214  0.5526  0.8699  0.8699  0.2867  0.7973  0.8990  0.1538  0.000040
epoch:30 0.8007  0.9300  0.9210  0.2017  0.7005  0.8200  0.5542  0.8676  0.8676  0.2867  0.7916  0.8997  0.1543  0.000040
epoch:31 0.7976  0.9281  0.9200  0.2058  0.6988  0.8167  0.5525  0.8661  0.8661  0.2867  0.7932  0.8955  0.1547  0.000040
epoch:32 0.8008  0.9301  0.9219  0.1990  0.7013  0.8208  0.5526  0.8666  0.8666  0.2867  0.7919  0.8989  0.1531  0.000040
epoch:33 0.8039  0.9305  0.9223  0.2151  0.7040  0.8221  0.5520  0.8690  0.8690  0.2867  0.7972  0.8982  0.1538  0.000040
epoch:34 0.7987  0.9294  0.9213  0.2062  0.6986  0.8187  0.5504  0.8656  0.8656  0.2867  0.7878  0.8974  0.1539  0.000040
epoch:35 0.8012  0.9297  0.9207  0.2019  0.6982  0.8201  0.5535  0.8672  0.8672  0.2867  0.7914  0.8984  0.1529  0.000040
epoch:36 0.8014  0.9286  0.9223  0.2004  0.6997  0.8223  0.5530  0.8672  0.8672  0.2867  0.7924  0.8986  0.1533  0.000040
epoch:37 0.8010  0.9297  0.9195  0.2192  0.7020  0.8192  0.5524  0.8671  0.8671  0.2867  0.7916  0.8981  0.1538  0.000040
epoch:38 0.8015  0.9308  0.9216  0.2070  0.6981  0.8219  0.5518  0.8673  0.8673  0.2917  0.7894  0.8991  0.1525  0.000040
epoch:39 0.8020  0.9301  0.9219  0.2050  0.7013  0.8214  0.5522  0.8680  0.8680  0.2867  0.7945  0.8974  0.1515  0.000040
epoch:40 0.8010  0.9296  0.9227  0.2153  0.7039  0.8197  0.5535  0.8660  0.8660  0.2917  0.7911  0.8976  0.1522  0.000040
epoch:41 0.8020  0.9310  0.9230  0.2062  0.6993  0.8217  0.5535  0.8675  0.8675  0.2867  0.7879  0.8987  0.1529  0.000040
epoch:42 0.8032  0.9317  0.9236  0.2019  0.6993  0.8215  0.5525  0.8692  0.8692  0.2867  0.7917  0.8989  0.1526  0.000040
epoch:43 0.8021  0.9304  0.9203  0.2004  0.7009  0.8210  0.5535  0.8681  0.8681  0.2867  0.7952  0.8974  0.1522  0.000040
epoch:44 0.8017  0.9303  0.9238  0.2004  0.7019  0.8195  0.5523  0.8674  0.8674  0.2867  0.7961  0.8963  0.1531  0.000040
epoch:45 0.8016  0.9300  0.9191  0.1993  0.6998  0.8210  0.5530  0.8674  0.8674  0.2867  0.7937  0.8967  0.1533  0.000040
epoch:46 0.8023  0.9313  0.9231  0.2008  0.7010  0.8228  0.5522  0.8679  0.8679  0.2867  0.7924  0.8993  0.1521  0.000040
epoch:47 0.8035  0.9315  0.9228  0.2004  0.7006  0.8236  0.5541  0.8680  0.8680  0.2867  0.7940  0.9004  0.1521  0.000040
epoch:48 0.8009  0.9311  0.9239  0.2078  0.6942  0.8222  0.5518  0.8663  0.8663  0.2867  0.7876  0.8975  0.1520  0.000040
epoch:49 0.8021  0.9319  0.9235  0.2039  0.7020  0.8223  0.5523  0.8660  0.8660  0.2917  0.7900  0.8980  0.1522  0.000040
epoch:50 0.8006  0.9303  0.9221  0.2008  0.7008  0.8178  0.5507  0.8668  0.8668  0.2867  0.7919  0.8961  0.1526  0.000040
epoch:51 0.8046  0.9309  0.9250  0.2173  0.7062  0.8202  0.5559  0.8698  0.8698  0.2867  0.7961  0.8972  0.1524  0.000040
epoch:52 0.7993  0.9288  0.9211  0.2058  0.6992  0.8188  0.5513  0.8656  0.8656  0.2867  0.7886  0.8943  0.1515  0.000040
epoch:53 0.8031  0.9306  0.9227  0.2213  0.7051  0.8226  0.5553  0.8687  0.8687  0.2917  0.7932  0.8979  0.1513  0.000040
epoch:54 0.8041  0.9320  0.9255  0.2118  0.7023  0.8238  0.5548  0.8690  0.8690  0.2967  0.7968  0.8997  0.1509  0.000040
epoch:55 0.8045  0.9318  0.9258  0.2194  0.7047  0.8231  0.5538  0.8695  0.8695  0.2867  0.7954  0.8996  0.1510  0.000040
epoch:56 0.8008  0.9307  0.9213  0.2112  0.6964  0.8219  0.5510  0.8667  0.8667  0.2917  0.7908  0.8964  0.1513  0.000040
epoch:57 0.8011  0.9311  0.9193  0.2105  0.6950  0.8206  0.5516  0.8671  0.8671  0.2967  0.7901  0.8970  0.1519  0.000040
epoch:58 0.8027  0.9325  0.9226  0.2081  0.7031  0.8205  0.5522  0.8675  0.8675  0.2917  0.7934  0.8968  0.1518  0.000040
epoch:59 0.8036  0.9303  0.9241  0.2020  0.7038  0.8234  0.5526  0.8689  0.8689  0.2917  0.7993  0.8979  0.1522  0.000040
epoch:60 0.8018  0.9310  0.9228  0.2019  0.7016  0.8201  0.5530  0.8663  0.8663  0.2867  0.7931  0.8953  0.1511  0.000040
epoch:61 0.8036  0.9318  0.9237  0.2008  0.6979  0.8228  0.5539  0.8677  0.8677  0.2867  0.7934  0.8974  0.1518  0.000040
epoch:62 0.8026  0.9313  0.9201  0.2180  0.7013  0.8234  0.5526  0.8680  0.8680  0.2867  0.7946  0.8979  0.1509  0.000040
epoch:63 0.8006  0.9301  0.9190  0.2062  0.6945  0.8224  0.5520  0.8674  0.8674  0.2867  0.7905  0.8971  0.1513  0.000040
epoch:64 0.8044  0.9319  0.9228  0.2070  0.7028  0.8231  0.5537  0.8687  0.8687  0.2917  0.7939  0.8979  0.1516  0.000040
epoch:65 0.8034  0.9327  0.9236  0.2124  0.6992  0.8232  0.5537  0.8670  0.8670  0.2967  0.7907  0.8973  0.1496  0.000040
epoch:66 0.8027  0.9314  0.9217  0.2078  0.7011  0.8233  0.5537  0.8690  0.8690  0.2867  0.7920  0.9003  0.1511  0.000040
epoch:67 0.8016  0.9315  0.9236  0.2062  0.7050  0.8224  0.5527  0.8674  0.8674  0.2917  0.7953  0.8983  0.1516  0.000040
epoch:68 0.8031  0.9327  0.9219  0.2021  0.7012  0.8200  0.5516  0.8686  0.8686  0.2917  0.7928  0.8980  0.1506  0.000040
epoch:69 0.8026  0.9315  0.9222  0.2060  0.6956  0.8231  0.5511  0.8672  0.8672  0.2967  0.7927  0.8966  0.1509  0.000040
epoch:70 0.8026  0.9314  0.9236  0.2134  0.6966  0.8236  0.5533  0.8683  0.8683  0.2967  0.7914  0.9001  0.1509  0.000040
epoch:71 0.8008  0.9314  0.9222  0.2116  0.6984  0.8212  0.5519  0.8659  0.8659  0.2967  0.7923  0.8975  0.1507  0.000040
epoch:72 0.8024  0.9301  0.9211  0.2112  0.7019  0.8191  0.5527  0.8675  0.8675  0.2917  0.7948  0.8957  0.1505  0.000040
epoch:73 0.8012  0.9307  0.9229  0.2242  0.6966  0.8203  0.5537  0.8680  0.8680  0.2917  0.7930  0.8995  0.1504  0.000040
epoch:74 0.8017  0.9316  0.9202  0.2003  0.6967  0.8226  0.5513  0.8670  0.8670  0.2867  0.7907  0.8976  0.1497  0.000040
epoch:75 0.8003  0.9307  0.9213  0.2226  0.6974  0.8210  0.5521  0.8656  0.8656  0.2917  0.7927  0.8948  0.1505  0.000040
epoch:76 0.8038  0.9309  0.9209  0.2031  0.6961  0.8255  0.5550  0.8678  0.8678  0.2867  0.7933  0.8969  0.1507  0.000040
epoch:77 0.8036  0.9319  0.9241  0.2075  0.6967  0.8250  0.5546  0.8678  0.8678  0.2881  0.7903  0.8995  0.1512  0.000040
epoch:78 0.8026  0.9309  0.9198  0.2050  0.6959  0.8225  0.5523  0.8678  0.8678  0.2867  0.7930  0.8973  0.1504  0.000040
epoch:79 0.8021  0.9314  0.9233  0.2008  0.6978  0.8222  0.5511  0.8674  0.8674  0.2867  0.7924  0.8991  0.1495  0.000040
epoch:80 0.8026  0.9291  0.9243  0.2020  0.6953  0.8243  0.5550  0.8670  0.8670  0.2867  0.7902  0.8996  0.1496  0.000040
epoch:81 0.8051  0.9323  0.9248  0.2215  0.7019  0.8232  0.5574  0.8687  0.8687  0.2881  0.7910  0.8999  0.1501  0.000040
epoch:82 0.8016  0.9312  0.9198  0.2149  0.6958  0.8237  0.5520  0.8660  0.8660  0.2867  0.7893  0.8968  0.1500  0.000040
epoch:83 0.8024  0.9322  0.9231  0.2073  0.6956  0.8230  0.5512  0.8666  0.8666  0.2881  0.7900  0.8960  0.1500  0.000040
epoch:84 0.8019  0.9322  0.9210  0.2192  0.6979  0.8216  0.5517  0.8666  0.8666  0.2867  0.7925  0.8960  0.1495  0.000040
epoch:85 0.8019  0.9309  0.9215  0.2050  0.6943  0.8224  0.5532  0.8669  0.8669  0.2867  0.7910  0.8989  0.1492  0.000040
epoch:86 0.8026  0.9318  0.9239  0.1998  0.6970  0.8249  0.5526  0.8687  0.8687  0.2881  0.7925  0.8999  0.1497  0.000040
epoch:87 0.8003  0.9305  0.9210  0.2050  0.6973  0.8209  0.5529  0.8657  0.8657  0.2917  0.7900  0.8972  0.1496  0.000040
epoch:88 0.8054  0.9331  0.9258  0.2208  0.7006  0.8241  0.5532  0.8686  0.8686  0.2867  0.7958  0.8972  0.1494  0.000040
epoch:89 0.8034  0.9326  0.9216  0.2094  0.7007  0.8231  0.5534  0.8667  0.8667  0.2917  0.7896  0.8967  0.1499  0.000040
epoch:90 0.8049  0.9328  0.9235  0.2085  0.6917  0.8276  0.5553  0.8690  0.8690  0.2917  0.7920  0.9012  0.1498  0.000040
epoch:91 0.8006  0.9318  0.9221  0.2035  0.6906  0.8215  0.5531  0.8663  0.8663  0.2917  0.7896  0.8985  0.1497  0.000040
epoch:92 0.8029  0.9317  0.9226  0.2205  0.6887  0.8236  0.5576  0.8677  0.8677  0.2881  0.7868  0.8997  0.1481  0.000040
epoch:93 0.7999  0.9304  0.9191  0.2085  0.6950  0.8190  0.5516  0.8666  0.8666  0.2917  0.7910  0.8964  0.1504  0.000040
epoch:94 0.8027  0.9311  0.9214  0.2062  0.6922  0.8258  0.5534  0.8684  0.8684  0.2867  0.7914  0.9006  0.1497  0.000040
epoch:95 0.8012  0.9316  0.9220  0.2039  0.6949  0.8231  0.5521  0.8671  0.8671  0.2917  0.7898  0.8990  0.1488  0.000040
epoch:96 0.8030  0.9319  0.9243  0.2085  0.6964  0.8246  0.5555  0.8691  0.8691  0.2917  0.7951  0.9002  0.1487  0.000040
epoch:97 0.8061  0.9322  0.9246  0.2240  0.7049  0.8262  0.5554  0.8702  0.8702  0.2917  0.8006  0.8984  0.1483  0.000040
epoch:98 0.8016  0.9309  0.9230  0.2090  0.7002  0.8215  0.5509  0.8665  0.8665  0.2931  0.7946  0.8966  0.1491  0.000040
epoch:99 0.8006  0.9310  0.9233  0.2017  0.6934  0.8208  0.5519  0.8670  0.8670  0.2881  0.7908  0.8983  0.1494  0.000040
epoch:100 0.8019  0.9313  0.9230  0.2023  0.6947  0.8237  0.5543  0.8680  0.8680  0.2881  0.7935  0.9000  0.1485  0.000040
epoch:101 0.8057  0.9331  0.9239  0.2050  0.6990  0.8277  0.5533  0.8684  0.8684  0.2867  0.7925  0.9008  0.1492  0.000040
epoch:102 0.8045  0.9325  0.9233  0.2096  0.6884  0.8274  0.5539  0.8685  0.8685  0.2917  0.7921  0.9006  0.1486  0.000040
epoch:103 0.8047  0.9331  0.9236  0.2043  0.6943  0.8267  0.5535  0.8666  0.8666  0.2881  0.7866  0.8993  0.1490  0.000040
epoch:104 0.8031  0.9322  0.9229  0.2096  0.6909  0.8253  0.5534  0.8677  0.8677  0.2917  0.7870  0.9000  0.1485  0.000040
epoch:105 0.8025  0.9313  0.9217  0.2017  0.6886  0.8272  0.5534  0.8686  0.8686  0.2881  0.7906  0.9005  0.1481  0.000040
epoch:106 0.8021  0.9322  0.9228  0.2067  0.6998  0.8196  0.5511  0.8661  0.8661  0.2917  0.7937  0.8962  0.1487  0.000040
epoch:107 0.8021  0.9298  0.9227  0.2101  0.6945  0.8227  0.5521  0.8677  0.8677  0.2931  0.7898  0.8980  0.1487  0.000040
epoch:108 0.8032  0.9327  0.9242  0.1998  0.6972  0.8253  0.5536  0.8671  0.8671  0.2881  0.7893  0.8990  0.1488  0.000040
epoch:109 0.8036  0.9324  0.9227  0.1997  0.6942  0.8251  0.5514  0.8679  0.8679  0.2831  0.7886  0.9010  0.1488  0.000040
epoch:110 0.8031  0.9325  0.9228  0.2221  0.6977  0.8233  0.5525  0.8676  0.8676  0.2931  0.7927  0.8985  0.1485  0.000040
epoch:111 0.8002  0.9301  0.9189  0.2083  0.6932  0.8206  0.5515  0.8658  0.8658  0.2895  0.7876  0.8964  0.1487  0.000040
epoch:112 0.8019  0.9308  0.9197  0.2039  0.6945  0.8236  0.5503  0.8669  0.8669  0.2831  0.7919  0.8966  0.1475  0.000040
epoch:113 0.8018  0.9308  0.9233  0.2092  0.6932  0.8216  0.5534  0.8678  0.8678  0.2945  0.7896  0.9000  0.1487  0.000040
epoch:114 0.8023  0.9310  0.9218  0.2053  0.6904  0.8225  0.5528  0.8663  0.8663  0.2917  0.7901  0.8967  0.1480  0.000040
epoch:115 0.8034  0.9309  0.9252  0.2090  0.6984  0.8228  0.5534  0.8688  0.8688  0.2931  0.7957  0.8992  0.1481  0.000040
epoch:116 0.8023  0.9314  0.9218  0.2073  0.6921  0.8253  0.5526  0.8665  0.8665  0.2881  0.7878  0.8989  0.1491  0.000040
epoch:117 0.8014  0.9311  0.9233  0.1997  0.6948  0.8219  0.5519  0.8667  0.8667  0.2831  0.7895  0.8992  0.1481  0.000040
epoch:118 0.8008  0.9307  0.9233  0.2083  0.6878  0.8224  0.5510  0.8668  0.8668  0.2895  0.7844  0.9004  0.1490  0.000040
epoch:119 0.8031  0.9332  0.9241  0.2062  0.6983  0.8252  0.5533  0.8674  0.8674  0.2881  0.7906  0.8999  0.1474  0.000040
epoch:120 0.8015  0.9298  0.9220  0.2073  0.6941  0.8266  0.5569  0.8672  0.8672  0.2881  0.7881  0.9003  0.1487  0.000040
epoch:121 0.8018  0.9323  0.9227  0.2028  0.6922  0.8238  0.5527  0.8671  0.8671  0.2881  0.7874  0.9005  0.1477  0.000040
epoch:122 0.8018  0.9316  0.9241  0.2087  0.7000  0.8222  0.5528  0.8672  0.8672  0.2881  0.7966  0.8954  0.1479  0.000040
epoch:123 0.8057  0.9331  0.9239  0.2050  0.6969  0.8272  0.5551  0.8692  0.8692  0.2867  0.7917  0.9012  0.1472  0.000040
epoch:124 0.8005  0.9298  0.9200  0.2032  0.6990  0.8191  0.5526  0.8672  0.8672  0.2795  0.7907  0.8995  0.1483  0.000040
epoch:125 0.8001  0.9311  0.9233  0.2028  0.6952  0.8199  0.5527  0.8659  0.8659  0.2881  0.7894  0.8977  0.1481  0.000040
epoch:126 0.8004  0.9307  0.9213  0.1994  0.6878  0.8228  0.5517  0.8657  0.8657  0.2795  0.7825  0.8987  0.1475  0.000040
epoch:127 0.8044  0.9324  0.9250  0.2073  0.6958  0.8250  0.5526  0.8690  0.8690  0.2881  0.7949  0.8987  0.1468  0.000040
epoch:128 0.8023  0.9318  0.9228  0.2101  0.6916  0.8253  0.5538  0.8665  0.8665  0.2931  0.7857  0.8988  0.1474  0.000040
epoch:129 0.8007  0.9306  0.9197  0.2083  0.6948  0.8201  0.5509  0.8655  0.8655  0.2895  0.7870  0.8962  0.1482  0.000040
epoch:130 0.8023  0.9312  0.9252  0.2020  0.6970  0.8256  0.5546  0.8654  0.8654  0.2845  0.7897  0.8976  0.1479  0.000040
epoch:131 0.8031  0.9326  0.9233  0.2007  0.6926  0.8260  0.5520  0.8671  0.8671  0.2867  0.7875  0.8986  0.1484  0.000040
epoch:132 0.8049  0.9334  0.9234  0.2028  0.6963  0.8286  0.5564  0.8673  0.8673  0.2831  0.7882  0.9005  0.1472  0.000040
epoch:133 0.8030  0.9309  0.9238  0.2205  0.6949  0.8232  0.5545  0.8685  0.8685  0.2881  0.7885  0.9001  0.1475  0.000040
epoch:134 0.8026  0.9309  0.9236  0.2102  0.6938  0.8254  0.5532  0.8680  0.8680  0.2945  0.7872  0.9001  0.1477  0.000040
epoch:135 0.8020  0.9318  0.9223  0.2073  0.6927  0.8248  0.5524  0.8664  0.8664  0.2881  0.7867  0.8992  0.1474  0.000040
epoch:136 0.8002  0.9296  0.9200  0.2017  0.6919  0.8233  0.5524  0.8663  0.8663  0.2881  0.7892  0.8979  0.1472  0.000040
epoch:137 0.8031  0.9333  0.9238  0.2028  0.6929  0.8272  0.5520  0.8665  0.8665  0.2881  0.7859  0.8998  0.1464  0.000040
epoch:138 0.8023  0.9316  0.9226  0.2102  0.6883  0.8261  0.5537  0.8662  0.8662  0.2945  0.7851  0.8992  0.1474  0.000040
epoch:139 0.8041  0.9329  0.9238  0.2037  0.6973  0.8268  0.5539  0.8677  0.8677  0.2895  0.7896  0.8998  0.1464  0.000040
epoch:140 0.8027  0.9297  0.9201  0.2039  0.6943  0.8267  0.5531  0.8677  0.8677  0.2831  0.7868  0.9008  0.1467  0.000040
epoch:141 0.8012  0.9306  0.9229  0.2062  0.6979  0.8214  0.5529  0.8674  0.8674  0.2867  0.7934  0.8976  0.1475  0.000040
epoch:142 0.8006  0.9308  0.9216  0.2066  0.6934  0.8226  0.5514  0.8652  0.8652  0.2845  0.7876  0.8955  0.1463  0.000040
epoch:143 0.8005  0.9314  0.9220  0.2066  0.6927  0.8237  0.5525  0.8664  0.8664  0.2845  0.7856  0.8991  0.1470  0.000040
epoch:144 0.8037  0.9321  0.9230  0.2085  0.6948  0.8260  0.5538  0.8674  0.8674  0.2881  0.7902  0.8997  0.1462  0.000040
epoch:145 0.8000  0.9300  0.9203  0.2028  0.6917  0.8231  0.5540  0.8664  0.8664  0.2881  0.7882  0.8980  0.1473  0.000040
epoch:146 0.8013  0.9313  0.9253  0.1997  0.6977  0.8223  0.5514  0.8676  0.8676  0.2831  0.7926  0.8988  0.1464  0.000040
epoch:147 0.8002  0.9295  0.9185  0.2002  0.6933  0.8225  0.5519  0.8660  0.8660  0.2831  0.7894  0.8964  0.1466  0.000040
epoch:148 0.8014  0.9299  0.9206  0.2072  0.6914  0.8235  0.5543  0.8682  0.8682  0.2881  0.7872  0.9000  0.1470  0.000040
epoch:149 0.8024  0.9317  0.9244  0.1994  0.6915  0.8251  0.5535  0.8682  0.8682  0.2795  0.7887  0.9010  0.1469  0.000040
epoch:150 0.8001  0.9307  0.9213  0.2066  0.6928  0.8228  0.5516  0.8660  0.8660  0.2845  0.7861  0.8978  0.1469  0.000040
epoch:151 0.8004  0.9311  0.9200  0.2048  0.6947  0.8213  0.5516  0.8658  0.8658  0.2845  0.7886  0.8957  0.1468  0.000040
epoch:152 0.8009  0.9307  0.9233  0.2092  0.6977  0.8221  0.5521  0.8670  0.8670  0.2945  0.7910  0.8981  0.1465  0.000040
epoch:153 0.8001  0.9307  0.9214  0.2023  0.6916  0.8227  0.5511  0.8652  0.8652  0.2881  0.7867  0.8957  0.1455  0.000040
epoch:154 0.8016  0.9302  0.9207  0.2066  0.6918  0.8249  0.5556  0.8677  0.8677  0.2845  0.7879  0.9000  0.1458  0.000040
epoch:155 0.7986  0.9285  0.9213  0.2053  0.6856  0.8210  0.5511  0.8664  0.8664  0.2931  0.7829  0.8986  0.1467  0.000040
epoch:156 0.8021  0.9317  0.9225  0.2032  0.6922  0.8238  0.5524  0.8661  0.8661  0.2795  0.7870  0.8977  0.1448  0.000040
epoch:157 0.8018  0.9310  0.9219  0.2066  0.6925  0.8242  0.5509  0.8668  0.8668  0.2845  0.7895  0.8965  0.1454  0.000040
epoch:158 0.8005  0.9296  0.9224  0.2083  0.6925  0.8211  0.5539  0.8655  0.8655  0.2895  0.7854  0.8953  0.1465  0.000040
epoch:159 0.8021  0.9315  0.9243  0.2091  0.6951  0.8249  0.5517  0.8680  0.8680  0.2931  0.7908  0.8998  0.1458  0.000040
epoch:160 0.8027  0.9320  0.9224  0.2073  0.6939  0.8268  0.5532  0.8673  0.8673  0.2881  0.7884  0.8995  0.1463  0.000040
epoch:161 0.8029  0.9314  0.9220  0.2051  0.6925  0.8244  0.5506  0.8672  0.8672  0.2845  0.7860  0.9001  0.1459  0.000040
epoch:162 0.8025  0.9315  0.9238  0.2055  0.6942  0.8251  0.5502  0.8670  0.8670  0.2845  0.7887  0.8982  0.1451  0.000040
epoch:163 0.8010  0.9304  0.9225  0.2020  0.6963  0.8229  0.5520  0.8668  0.8668  0.2845  0.7917  0.8982  0.1454  0.000040
epoch:164 0.8012  0.9313  0.9218  0.2073  0.6938  0.8230  0.5520  0.8668  0.8668  0.2881  0.7881  0.8983  0.1452  0.000040
epoch:165 0.8036  0.9325  0.9246  0.2050  0.6964  0.8245  0.5526  0.8678  0.8678  0.2831  0.7934  0.8993  0.1452  0.000040
epoch:166 0.8029  0.9310  0.9215  0.2032  0.6915  0.8262  0.5534  0.8684  0.8684  0.2795  0.7889  0.9009  0.1465  0.000040
epoch:167 0.8012  0.9307  0.9212  0.2032  0.6970  0.8197  0.5533  0.8645  0.8645  0.2795  0.7921  0.8930  0.1462  0.000040
epoch:168 0.8015  0.9300  0.9204  0.2032  0.6936  0.8252  0.5538  0.8685  0.8685  0.2795  0.7888  0.9016  0.1453  0.000040
epoch:169 0.8019  0.9304  0.9208  0.2007  0.6944  0.8259  0.5549  0.8674  0.8674  0.2831  0.7880  0.9007  0.1458  0.000040
epoch:170 0.8014  0.9327  0.9231  0.2066  0.6966  0.8243  0.5528  0.8662  0.8662  0.2845  0.7888  0.8985  0.1457  0.000040
epoch:171 0.8001  0.9296  0.9222  0.2045  0.6965  0.8201  0.5531  0.8646  0.8646  0.2795  0.7939  0.8894  0.1460  0.000040
epoch:172 0.8015  0.9321  0.9227  0.2032  0.6951  0.8255  0.5518  0.8665  0.8665  0.2795  0.7880  0.8995  0.1452  0.000040
epoch:173 0.8009  0.9310  0.9214  0.2066  0.6942  0.8228  0.5519  0.8675  0.8675  0.2845  0.7900  0.9001  0.1456  0.000040
epoch:174 0.7996  0.9295  0.9198  0.2032  0.6945  0.8224  0.5522  0.8664  0.8664  0.2795  0.7891  0.8989  0.1449  0.000040
epoch:175 0.8015  0.9321  0.9247  0.1994  0.6951  0.8255  0.5511  0.8663  0.8663  0.2795  0.7881  0.8978  0.1452  0.000040
epoch:176 0.8014  0.9314  0.9240  0.2066  0.6934  0.8246  0.5509  0.8671  0.8671  0.2845  0.7875  0.8996  0.1455  0.000040
epoch:177 0.7983  0.9293  0.9183  0.1994  0.6902  0.8206  0.5522  0.8650  0.8650  0.2795  0.7837  0.8963  0.1448  0.000040
epoch:178 0.8001  0.9303  0.9229  0.2085  0.6963  0.8198  0.5509  0.8655  0.8655  0.2881  0.7915  0.8936  0.1449  0.000040
epoch:179 0.8010  0.9312  0.9238  0.2066  0.6947  0.8246  0.5513  0.8672  0.8672  0.2845  0.7884  0.8991  0.1457  0.000040
epoch:180 0.8004  0.9295  0.9202  0.2066  0.6923  0.8245  0.5515  0.8669  0.8669  0.2845  0.7880  0.8993  0.1456  0.000040
epoch:181 0.7989  0.9296  0.9201  0.2051  0.6913  0.8223  0.5525  0.8658  0.8658  0.2845  0.7861  0.8986  0.1453  0.000040
epoch:182 0.8011  0.9308  0.9231  0.2048  0.6945  0.8231  0.5537  0.8674  0.8674  0.2845  0.7922  0.8988  0.1438  0.000040
epoch:183 0.8013  0.9311  0.9237  0.2177  0.7005  0.8215  0.5542  0.8663  0.8663  0.2845  0.7896  0.8997  0.1448  0.000040
epoch:184 0.8026  0.9319  0.9223  0.2032  0.6926  0.8280  0.5528  0.8671  0.8671  0.2795  0.7879  0.8996  0.1452  0.000040
epoch:185 0.7994  0.9304  0.9249  0.2102  0.6965  0.8215  0.5498  0.8651  0.8651  0.2945  0.7901  0.8961  0.1452  0.000040
epoch:186 0.8034  0.9327  0.9231  0.2066  0.6952  0.8275  0.5545  0.8666  0.8666  0.2845  0.7864  0.8994  0.1443  0.000040
epoch:187 0.8022  0.9328  0.9249  0.2066  0.7019  0.8228  0.5523  0.8673  0.8673  0.2845  0.7935  0.8985  0.1445  0.000040
epoch:188 0.8020  0.9313  0.9237  0.1994  0.6948  0.8257  0.5521  0.8679  0.8679  0.2795  0.7895  0.8996  0.1442  0.000040
epoch:189 0.8026  0.9316  0.9238  0.2032  0.6958  0.8274  0.5549  0.8677  0.8677  0.2795  0.7905  0.8997  0.1448  0.000040
epoch:190 0.8013  0.9303  0.9229  0.2086  0.6959  0.8233  0.5510  0.8677  0.8677  0.2895  0.7889  0.8995  0.1440  0.000040
epoch:191 0.8033  0.9329  0.9234  0.2029  0.6938  0.8276  0.5544  0.8670  0.8670  0.2845  0.7877  0.8997  0.1447  0.000040
epoch:192 0.7990  0.9284  0.9191  0.1994  0.6904  0.8240  0.5541  0.8670  0.8670  0.2795  0.7858  0.8987  0.1439  0.000040
epoch:193 0.7998  0.9293  0.9218  0.2066  0.6950  0.8236  0.5506  0.8665  0.8665  0.2845  0.7885  0.8986  0.1427  0.000040
epoch:194 0.8021  0.9307  0.9231  0.1994  0.6962  0.8244  0.5519  0.8680  0.8680  0.2795  0.7905  0.8994  0.1439  0.000040
epoch:195 0.8013  0.9309  0.9217  0.1994  0.6921  0.8231  0.5516  0.8667  0.8667  0.2795  0.7852  0.8993  0.1450  0.000040
epoch:196 0.7988  0.9286  0.9212  0.2029  0.6932  0.8219  0.5522  0.8670  0.8670  0.2845  0.7879  0.8988  0.1441  0.000040
epoch:197 0.8006  0.9295  0.9200  0.2048  0.6924  0.8233  0.5534  0.8669  0.8669  0.2845  0.7887  0.8994  0.1445  0.000040
epoch:198 0.7998  0.9294  0.9200  0.2007  0.6893  0.8234  0.5521  0.8661  0.8661  0.2831  0.7839  0.8988  0.1438  0.000040
epoch:199 0.7975  0.9261  0.9185  0.2029  0.6928  0.8212  0.5520  0.8649  0.8649  0.2845  0.7860  0.8977  0.1444  0.000040
