epoch:0 0.6589  0.8516  0.7764  0.0691  0.5102  0.7239  0.4691  0.8000  0.8008  0.2986  0.7598  0.8218  1.3793  0.004000
epoch:1 0.7541  0.9270  0.8967  0.1275  0.6074  0.8179  0.5149  0.8296  0.8299  0.3607  0.7712  0.8550  0.3924  0.004000
epoch:2 0.7809  0.9406  0.9217  0.0927  0.6526  0.8338  0.5270  0.8411  0.8414  0.3243  0.7893  0.8651  0.3135  0.004000
epoch:3 0.7666  0.9272  0.9103  0.1015  0.6359  0.8340  0.5212  0.8415  0.8415  0.2964  0.7814  0.8678  0.2769  0.004000
epoch:4 0.7805  0.9336  0.9277  0.1349  0.6495  0.8442  0.5295  0.8422  0.8422  0.3314  0.7726  0.8745  0.2620  0.004000
epoch:5 0.7683  0.9346  0.9185  0.0914  0.6395  0.8247  0.5232  0.8288  0.8288  0.2555  0.7574  0.8604  0.2505  0.004000
epoch:6 0.7863  0.9511  0.9373  0.1681  0.6737  0.8327  0.5306  0.8447  0.8447  0.3614  0.7889  0.8685  0.2332  0.004000
epoch:7 0.7793  0.9338  0.9192  0.0995  0.6610  0.8353  0.5269  0.8403  0.8403  0.2650  0.7772  0.8668  0.2237  0.004000
epoch:8 0.7663  0.9177  0.9024  0.1624  0.6627  0.8159  0.5227  0.8411  0.8411  0.3500  0.7879  0.8529  0.2167  0.004000
epoch:9 0.7803  0.9361  0.9205  0.1480  0.6529  0.8389  0.5340  0.8388  0.8388  0.2683  0.7646  0.8705  0.2065  0.004000
epoch:10 0.7748  0.9268  0.9133  0.1244  0.6434  0.8422  0.5327  0.8371  0.8371  0.2998  0.7624  0.8737  0.2036  0.004000
epoch:11 0.7830  0.9256  0.9213  0.1357  0.6756  0.8332  0.5316  0.8474  0.8474  0.2786  0.7991  0.8644  0.1971  0.004000
epoch:12 0.7747  0.9347  0.9209  0.1550  0.6454  0.8360  0.5276  0.8355  0.8355  0.2698  0.7659  0.8678  0.1912  0.004000
epoch:13 0.7754  0.9275  0.9169  0.2570  0.6398  0.8442  0.5343  0.8398  0.8398  0.3633  0.7591  0.8761  0.1889  0.004000
epoch:14 0.7821  0.9333  0.9257  0.1997  0.6588  0.8401  0.5320  0.8403  0.8403  0.3319  0.7703  0.8716  0.1828  0.004000
epoch:15 0.7753  0.9302  0.9204  0.1615  0.6531  0.8332  0.5300  0.8405  0.8405  0.3962  0.7756  0.8702  0.1765  0.004000
epoch:16 0.7766  0.9283  0.9201  0.1664  0.6553  0.8327  0.5286  0.8393  0.8393  0.3629  0.7720  0.8665  0.1648  0.000400
epoch:17 0.7785  0.9292  0.9239  0.1445  0.6482  0.8346  0.5292  0.8408  0.8408  0.2733  0.7737  0.8674  0.1619  0.000400
epoch:18 0.7748  0.9268  0.9209  0.1607  0.6467  0.8360  0.5274  0.8404  0.8404  0.3436  0.7689  0.8697  0.1595  0.000400
epoch:19 0.7765  0.9299  0.9244  0.1527  0.6475  0.8348  0.5290  0.8387  0.8387  0.2855  0.7662  0.8672  0.1574  0.000400
epoch:20 0.7788  0.9316  0.9180  0.1630  0.6425  0.8368  0.5300  0.8395  0.8395  0.3436  0.7641  0.8675  0.1564  0.000400
epoch:21 0.7778  0.9310  0.9226  0.1441  0.6517  0.8386  0.5311  0.8397  0.8397  0.2686  0.7702  0.8707  0.1575  0.000400
epoch:22 0.7800  0.9319  0.9237  0.1248  0.6526  0.8402  0.5323  0.8412  0.8412  0.2650  0.7690  0.8722  0.1545  0.000040
epoch:23 0.7781  0.9294  0.9249  0.1278  0.6476  0.8405  0.5328  0.8406  0.8406  0.2719  0.7664  0.8732  0.1552  0.000040
epoch:24 0.7795  0.9297  0.9231  0.1418  0.6509  0.8403  0.5314  0.8414  0.8414  0.2650  0.7685  0.8732  0.1542  0.000040
epoch:25 0.7814  0.9319  0.9261  0.1197  0.6542  0.8412  0.5325  0.8426  0.8426  0.2686  0.7718  0.8736  0.1533  0.000040
epoch:26 0.7784  0.9311  0.9212  0.1394  0.6489  0.8394  0.5316  0.8400  0.8400  0.2636  0.7664  0.8710  0.1547  0.000040
epoch:27 0.7776  0.9294  0.9230  0.1419  0.6498  0.8396  0.5315  0.8398  0.8398  0.2636  0.7672  0.8720  0.1537  0.000040
epoch:28 0.7800  0.9324  0.9247  0.1257  0.6509  0.8396  0.5315  0.8405  0.8405  0.2686  0.7659  0.8720  0.1545  0.000040
epoch:29 0.7804  0.9310  0.9226  0.1257  0.6532  0.8408  0.5320  0.8426  0.8426  0.2686  0.7723  0.8727  0.1538  0.000040
epoch:30 0.7790  0.9300  0.9260  0.1237  0.6486  0.8425  0.5332  0.8405  0.8405  0.2636  0.7674  0.8742  0.1543  0.000040
epoch:31 0.7771  0.9281  0.9197  0.1293  0.6471  0.8395  0.5329  0.8404  0.8404  0.2683  0.7681  0.8717  0.1547  0.000040
epoch:32 0.7786  0.9301  0.9214  0.1200  0.6500  0.8426  0.5327  0.8397  0.8397  0.2564  0.7638  0.8739  0.1531  0.000040
epoch:33 0.7793  0.9305  0.9220  0.1194  0.6478  0.8412  0.5317  0.8405  0.8405  0.2650  0.7681  0.8728  0.1538  0.000040
epoch:34 0.7775  0.9294  0.9227  0.1206  0.6472  0.8402  0.5313  0.8402  0.8402  0.2636  0.7632  0.8744  0.1539  0.000040
epoch:35 0.7782  0.9297  0.9230  0.1231  0.6458  0.8421  0.5328  0.8395  0.8395  0.2564  0.7615  0.8744  0.1529  0.000040
epoch:36 0.7775  0.9286  0.9218  0.1216  0.6474  0.8409  0.5321  0.8389  0.8389  0.2600  0.7650  0.8732  0.1533  0.000040
epoch:37 0.7793  0.9297  0.9232  0.1431  0.6532  0.8408  0.5325  0.8408  0.8408  0.2650  0.7662  0.8731  0.1538  0.000040
epoch:38 0.7786  0.9308  0.9249  0.1187  0.6470  0.8412  0.5313  0.8399  0.8399  0.2600  0.7645  0.8742  0.1525  0.000040
epoch:39 0.7789  0.9301  0.9215  0.1188  0.6504  0.8405  0.5316  0.8405  0.8405  0.2600  0.7664  0.8724  0.1515  0.000040
epoch:40 0.7794  0.9296  0.9249  0.1401  0.6551  0.8433  0.5342  0.8408  0.8408  0.2614  0.7670  0.8752  0.1522  0.000040
epoch:41 0.7802  0.9310  0.9228  0.1247  0.6534  0.8411  0.5325  0.8403  0.8403  0.2600  0.7658  0.8721  0.1529  0.000040
epoch:42 0.7801  0.9317  0.9217  0.1298  0.6495  0.8412  0.5319  0.8416  0.8416  0.2733  0.7679  0.8726  0.1526  0.000040
epoch:43 0.7798  0.9304  0.9219  0.1194  0.6523  0.8405  0.5333  0.8407  0.8407  0.2648  0.7696  0.8719  0.1522  0.000040
epoch:44 0.7799  0.9303  0.9244  0.1268  0.6504  0.8395  0.5320  0.8408  0.8408  0.2683  0.7705  0.8717  0.1531  0.000040
epoch:45 0.7790  0.9300  0.9236  0.1188  0.6481  0.8404  0.5322  0.8398  0.8398  0.2650  0.7663  0.8720  0.1533  0.000040
epoch:46 0.7805  0.9313  0.9262  0.1259  0.6546  0.8417  0.5326  0.8416  0.8416  0.2686  0.7678  0.8752  0.1521  0.000040
epoch:47 0.7796  0.9315  0.9246  0.1204  0.6478  0.8407  0.5334  0.8406  0.8406  0.2648  0.7671  0.8746  0.1521  0.000040
epoch:48 0.7792  0.9311  0.9229  0.1226  0.6502  0.8410  0.5321  0.8399  0.8399  0.2698  0.7632  0.8724  0.1520  0.000040
epoch:49 0.7810  0.9319  0.9251  0.1170  0.6532  0.8430  0.5331  0.8405  0.8405  0.2636  0.7645  0.8746  0.1522  0.000040
epoch:50 0.7792  0.9303  0.9239  0.1288  0.6518  0.8404  0.5310  0.8405  0.8405  0.2733  0.7651  0.8721  0.1526  0.000040
epoch:51 0.7817  0.9309  0.9270  0.1417  0.6590  0.8403  0.5347  0.8422  0.8422  0.2648  0.7722  0.8725  0.1524  0.000040
epoch:52 0.7779  0.9288  0.9223  0.1185  0.6576  0.8389  0.5315  0.8394  0.8394  0.2650  0.7652  0.8693  0.1515  0.000040
epoch:53 0.7798  0.9306  0.9222  0.1458  0.6544  0.8413  0.5342  0.8408  0.8408  0.2769  0.7664  0.8728  0.1513  0.000040
epoch:54 0.7821  0.9320  0.9280  0.1293  0.6529  0.8436  0.5346  0.8418  0.8418  0.2683  0.7714  0.8754  0.1509  0.000040
epoch:55 0.7810  0.9318  0.9252  0.1393  0.6539  0.8432  0.5335  0.8420  0.8420  0.2636  0.7659  0.8753  0.1510  0.000040
epoch:56 0.7804  0.9307  0.9226  0.1232  0.6533  0.8419  0.5323  0.8420  0.8420  0.2733  0.7668  0.8735  0.1513  0.000040
epoch:57 0.7802  0.9311  0.9254  0.1206  0.6510  0.8409  0.5312  0.8402  0.8402  0.2719  0.7645  0.8721  0.1519  0.000040
epoch:58 0.7796  0.9325  0.9244  0.1248  0.6547  0.8400  0.5318  0.8404  0.8404  0.2698  0.7675  0.8721  0.1518  0.000040
epoch:59 0.7799  0.9303  0.9241  0.1264  0.6525  0.8405  0.5318  0.8408  0.8408  0.2733  0.7681  0.8719  0.1522  0.000040
epoch:60 0.7797  0.9310  0.9247  0.1212  0.6547  0.8392  0.5327  0.8401  0.8401  0.2662  0.7691  0.8710  0.1511  0.000040
epoch:61 0.7810  0.9318  0.9235  0.1207  0.6489  0.8421  0.5336  0.8409  0.8409  0.2683  0.7665  0.8733  0.1518  0.000040
epoch:62 0.7811  0.9313  0.9272  0.1458  0.6554  0.8421  0.5328  0.8413  0.8413  0.2719  0.7658  0.8736  0.1509  0.000040
epoch:63 0.7788  0.9301  0.9218  0.1213  0.6496  0.8408  0.5324  0.8403  0.8403  0.2719  0.7642  0.8725  0.1513  0.000040
epoch:64 0.7807  0.9319  0.9282  0.1248  0.6582  0.8401  0.5320  0.8395  0.8395  0.2648  0.7678  0.8708  0.1516  0.000040
epoch:65 0.7805  0.9327  0.9264  0.1262  0.6550  0.8421  0.5329  0.8394  0.8394  0.2505  0.7646  0.8721  0.1496  0.000040
epoch:66 0.7804  0.9314  0.9246  0.1297  0.6572  0.8423  0.5326  0.8418  0.8418  0.2683  0.7663  0.8752  0.1511  0.000040
epoch:67 0.7816  0.9315  0.9265  0.1295  0.6595  0.8435  0.5336  0.8420  0.8420  0.2733  0.7697  0.8753  0.1516  0.000040
epoch:68 0.7815  0.9327  0.9247  0.1241  0.6580  0.8413  0.5312  0.8414  0.8414  0.2648  0.7688  0.8721  0.1506  0.000040
epoch:69 0.7810  0.9315  0.9253  0.1271  0.6529  0.8419  0.5320  0.8418  0.8418  0.2733  0.7681  0.8730  0.1509  0.000040
epoch:70 0.7810  0.9314  0.9267  0.1335  0.6535  0.8428  0.5334  0.8417  0.8417  0.2733  0.7666  0.8748  0.1509  0.000040
epoch:71 0.7786  0.9314  0.9249  0.1201  0.6495  0.8413  0.5323  0.8393  0.8393  0.2505  0.7617  0.8740  0.1507  0.000040
epoch:72 0.7787  0.9301  0.9239  0.1224  0.6568  0.8382  0.5319  0.8398  0.8398  0.2683  0.7678  0.8696  0.1505  0.000040
epoch:73 0.7779  0.9307  0.9258  0.1490  0.6492  0.8410  0.5321  0.8404  0.8404  0.2733  0.7646  0.8741  0.1504  0.000040
epoch:74 0.7816  0.9316  0.9252  0.1193  0.6554  0.8420  0.5329  0.8422  0.8422  0.2733  0.7682  0.8739  0.1497  0.000040
epoch:75 0.7800  0.9307  0.9242  0.1229  0.6554  0.8408  0.5327  0.8410  0.8410  0.2683  0.7683  0.8725  0.1505  0.000040
epoch:76 0.7805  0.9309  0.9270  0.1170  0.6481  0.8415  0.5340  0.8404  0.8404  0.2564  0.7673  0.8728  0.1507  0.000040
epoch:77 0.7811  0.9319  0.9259  0.1221  0.6512  0.8428  0.5342  0.8410  0.8410  0.2683  0.7676  0.8748  0.1512  0.000040
epoch:78 0.7811  0.9309  0.9251  0.1209  0.6523  0.8405  0.5322  0.8406  0.8406  0.2519  0.7681  0.8719  0.1504  0.000040
epoch:79 0.7809  0.9314  0.9264  0.1220  0.6523  0.8424  0.5322  0.8414  0.8414  0.2505  0.7675  0.8751  0.1495  0.000040
epoch:80 0.7792  0.9291  0.9243  0.1149  0.6468  0.8437  0.5343  0.8397  0.8397  0.2564  0.7642  0.8754  0.1496  0.000040
epoch:81 0.7821  0.9323  0.9274  0.1421  0.6586  0.8427  0.5362  0.8412  0.8412  0.2555  0.7668  0.8747  0.1501  0.000040
epoch:82 0.7809  0.9312  0.9271  0.1239  0.6530  0.8421  0.5326  0.8409  0.8409  0.2769  0.7652  0.8735  0.1500  0.000040
epoch:83 0.7815  0.9322  0.9266  0.1209  0.6544  0.8412  0.5314  0.8402  0.8402  0.2505  0.7650  0.8722  0.1500  0.000040
epoch:84 0.7810  0.9322  0.9235  0.1285  0.6553  0.8406  0.5324  0.8410  0.8410  0.2733  0.7669  0.8731  0.1495  0.000040
epoch:85 0.7795  0.9309  0.9231  0.1219  0.6494  0.8430  0.5335  0.8403  0.8403  0.2648  0.7643  0.8746  0.1492  0.000040
epoch:86 0.7810  0.9318  0.9270  0.1147  0.6556  0.8431  0.5321  0.8413  0.8413  0.2529  0.7692  0.8747  0.1497  0.000040
epoch:87 0.7798  0.9305  0.9238  0.1202  0.6533  0.8432  0.5338  0.8403  0.8403  0.2648  0.7652  0.8743  0.1496  0.000040
epoch:88 0.7821  0.9331  0.9266  0.1400  0.6581  0.8412  0.5326  0.8408  0.8408  0.2469  0.7719  0.8723  0.1494  0.000040
epoch:89 0.7806  0.9326  0.9263  0.1198  0.6599  0.8405  0.5325  0.8395  0.8395  0.2421  0.7644  0.8724  0.1499  0.000040
epoch:90 0.7817  0.9328  0.9260  0.1177  0.6492  0.8429  0.5349  0.8406  0.8406  0.2683  0.7673  0.8750  0.1498  0.000040
epoch:91 0.7797  0.9318  0.9250  0.1130  0.6471  0.8419  0.5330  0.8399  0.8399  0.2505  0.7647  0.8746  0.1497  0.000040
epoch:92 0.7817  0.9317  0.9234  0.1280  0.6465  0.8450  0.5370  0.8409  0.8409  0.2719  0.7629  0.8760  0.1481  0.000040
epoch:93 0.7810  0.9304  0.9240  0.1224  0.6515  0.8423  0.5325  0.8415  0.8415  0.2683  0.7668  0.8736  0.1504  0.000040
epoch:94 0.7811  0.9311  0.9261  0.1214  0.6503  0.8429  0.5330  0.8421  0.8421  0.2733  0.7673  0.8751  0.1497  0.000040
epoch:95 0.7813  0.9316  0.9276  0.1190  0.6531  0.8427  0.5326  0.8412  0.8412  0.2505  0.7671  0.8747  0.1488  0.000040
epoch:96 0.7811  0.9319  0.9270  0.1176  0.6534  0.8427  0.5350  0.8414  0.8414  0.2683  0.7703  0.8751  0.1487  0.000040
epoch:97 0.7814  0.9322  0.9281  0.1436  0.6578  0.8404  0.5336  0.8415  0.8415  0.2733  0.7709  0.8727  0.1483  0.000040
epoch:98 0.7786  0.9309  0.9270  0.1250  0.6516  0.8408  0.5310  0.8402  0.8402  0.2555  0.7677  0.8736  0.1491  0.000040
epoch:99 0.7783  0.9310  0.9264  0.1144  0.6508  0.8400  0.5316  0.8402  0.8402  0.2614  0.7658  0.8739  0.1494  0.000040
epoch:100 0.7798  0.9313  0.9246  0.1199  0.6504  0.8421  0.5334  0.8405  0.8405  0.2540  0.7679  0.8749  0.1485  0.000040
epoch:101 0.7821  0.9331  0.9263  0.1255  0.6540  0.8421  0.5335  0.8410  0.8410  0.2683  0.7647  0.8752  0.1492  0.000040
epoch:102 0.7813  0.9325  0.9240  0.1156  0.6452  0.8434  0.5329  0.8399  0.8399  0.2505  0.7641  0.8748  0.1486  0.000040
epoch:103 0.7822  0.9331  0.9275  0.1250  0.6544  0.8433  0.5343  0.8407  0.8407  0.2505  0.7646  0.8757  0.1490  0.000040
epoch:104 0.7795  0.9322  0.9244  0.1175  0.6491  0.8416  0.5323  0.8398  0.8398  0.2612  0.7602  0.8751  0.1485  0.000040
epoch:105 0.7795  0.9313  0.9248  0.1132  0.6458  0.8427  0.5315  0.8400  0.8400  0.2686  0.7648  0.8749  0.1481  0.000040
epoch:106 0.7804  0.9322  0.9257  0.1276  0.6551  0.8409  0.5321  0.8404  0.8404  0.2648  0.7686  0.8723  0.1487  0.000040
epoch:107 0.7779  0.9298  0.9217  0.1238  0.6494  0.8409  0.5312  0.8401  0.8401  0.2719  0.7623  0.8725  0.1487  0.000040
epoch:108 0.7823  0.9327  0.9289  0.1141  0.6535  0.8445  0.5334  0.8410  0.8410  0.2579  0.7660  0.8754  0.1488  0.000040
epoch:109 0.7812  0.9324  0.9255  0.1239  0.6531  0.8431  0.5313  0.8406  0.8406  0.2733  0.7668  0.8752  0.1488  0.000040
epoch:110 0.7809  0.9325  0.9275  0.1445  0.6533  0.8422  0.5324  0.8410  0.8410  0.2683  0.7659  0.8749  0.1485  0.000040
epoch:111 0.7786  0.9301  0.9217  0.1238  0.6498  0.8394  0.5315  0.8390  0.8390  0.2590  0.7631  0.8717  0.1487  0.000040
epoch:112 0.7808  0.9308  0.9244  0.1177  0.6497  0.8419  0.5314  0.8420  0.8420  0.2579  0.7674  0.8740  0.1475  0.000040
epoch:113 0.7799  0.9308  0.9262  0.1198  0.6521  0.8415  0.5332  0.8412  0.8412  0.2505  0.7665  0.8745  0.1487  0.000040
epoch:114 0.7788  0.9310  0.9227  0.1161  0.6442  0.8415  0.5325  0.8389  0.8389  0.2648  0.7623  0.8733  0.1480  0.000040
epoch:115 0.7800  0.9309  0.9262  0.1291  0.6532  0.8422  0.5333  0.8415  0.8415  0.2648  0.7697  0.8748  0.1481  0.000040
epoch:116 0.7790  0.9314  0.9254  0.1210  0.6504  0.8415  0.5322  0.8388  0.8388  0.2505  0.7625  0.8734  0.1491  0.000040
epoch:117 0.7808  0.9311  0.9246  0.1177  0.6532  0.8432  0.5327  0.8411  0.8411  0.2648  0.7685  0.8745  0.1481  0.000040
epoch:118 0.7788  0.9307  0.9241  0.1211  0.6476  0.8418  0.5317  0.8403  0.8403  0.2540  0.7641  0.8754  0.1490  0.000040
epoch:119 0.7806  0.9332  0.9292  0.1180  0.6536  0.8416  0.5320  0.8394  0.8394  0.2612  0.7657  0.8734  0.1474  0.000040
epoch:120 0.7784  0.9298  0.9259  0.1202  0.6510  0.8425  0.5355  0.8388  0.8388  0.2612  0.7633  0.8738  0.1487  0.000040
epoch:121 0.7814  0.9323  0.9244  0.1177  0.6524  0.8433  0.5323  0.8410  0.8410  0.2457  0.7664  0.8752  0.1477  0.000040
epoch:122 0.7809  0.9316  0.9279  0.1221  0.6574  0.8401  0.5334  0.8417  0.8417  0.2614  0.7730  0.8729  0.1479  0.000040
epoch:123 0.7816  0.9331  0.9290  0.1154  0.6547  0.8431  0.5329  0.8408  0.8408  0.2636  0.7659  0.8750  0.1472  0.000040
epoch:124 0.7788  0.9298  0.9228  0.1238  0.6539  0.8414  0.5324  0.8412  0.8412  0.2590  0.7644  0.8756  0.1483  0.000040
epoch:125 0.7797  0.9311  0.9271  0.1119  0.6545  0.8415  0.5340  0.8411  0.8411  0.2421  0.7685  0.8748  0.1481  0.000040
epoch:126 0.7783  0.9307  0.9244  0.1160  0.6491  0.8417  0.5320  0.8397  0.8397  0.2505  0.7622  0.8745  0.1475  0.000040
epoch:127 0.7826  0.9324  0.9286  0.1108  0.6547  0.8418  0.5323  0.8418  0.8418  0.2386  0.7720  0.8727  0.1468  0.000040
epoch:128 0.7803  0.9318  0.9231  0.1195  0.6494  0.8420  0.5335  0.8400  0.8400  0.2683  0.7618  0.8745  0.1474  0.000040
epoch:129 0.7794  0.9306  0.9245  0.1211  0.6537  0.8400  0.5321  0.8401  0.8401  0.2540  0.7673  0.8726  0.1482  0.000040
epoch:130 0.7795  0.9312  0.9268  0.1230  0.6544  0.8418  0.5341  0.8390  0.8390  0.2683  0.7638  0.8737  0.1479  0.000040
epoch:131 0.7824  0.9326  0.9267  0.1133  0.6533  0.8431  0.5323  0.8423  0.8423  0.2614  0.7656  0.8759  0.1484  0.000040
epoch:132 0.7815  0.9334  0.9294  0.1125  0.6553  0.8423  0.5356  0.8402  0.8402  0.2421  0.7645  0.8752  0.1472  0.000040
epoch:133 0.7798  0.9309  0.9257  0.1359  0.6527  0.8410  0.5334  0.8413  0.8413  0.2505  0.7674  0.8753  0.1475  0.000040
epoch:134 0.7788  0.9309  0.9240  0.1216  0.6517  0.8394  0.5316  0.8400  0.8400  0.2719  0.7634  0.8740  0.1477  0.000040
epoch:135 0.7815  0.9318  0.9254  0.1192  0.6539  0.8437  0.5337  0.8411  0.8411  0.2555  0.7670  0.8753  0.1474  0.000040
epoch:136 0.7792  0.9296  0.9238  0.1165  0.6494  0.8429  0.5325  0.8416  0.8416  0.2650  0.7644  0.8757  0.1472  0.000040
epoch:137 0.7815  0.9333  0.9243  0.1223  0.6535  0.8424  0.5321  0.8398  0.8398  0.2505  0.7640  0.8743  0.1464  0.000040
epoch:138 0.7790  0.9316  0.9248  0.1162  0.6486  0.8408  0.5331  0.8393  0.8393  0.2540  0.7644  0.8741  0.1474  0.000040
epoch:139 0.7811  0.9329  0.9261  0.1192  0.6556  0.8417  0.5336  0.8404  0.8404  0.2540  0.7652  0.8748  0.1464  0.000040
epoch:140 0.7797  0.9297  0.9228  0.1165  0.6510  0.8444  0.5331  0.8409  0.8409  0.2469  0.7643  0.8762  0.1467  0.000040
epoch:141 0.7803  0.9306  0.9264  0.1274  0.6533  0.8421  0.5331  0.8417  0.8417  0.2664  0.7700  0.8748  0.1475  0.000040
epoch:142 0.7814  0.9308  0.9246  0.1210  0.6545  0.8417  0.5331  0.8415  0.8415  0.2540  0.7686  0.8735  0.1463  0.000040
epoch:143 0.7790  0.9314  0.9246  0.1233  0.6528  0.8418  0.5330  0.8397  0.8397  0.2540  0.7654  0.8745  0.1470  0.000040
epoch:144 0.7806  0.9321  0.9250  0.1183  0.6523  0.8434  0.5339  0.8404  0.8404  0.2540  0.7649  0.8753  0.1462  0.000040
epoch:145 0.7787  0.9300  0.9263  0.1120  0.6509  0.8416  0.5345  0.8412  0.8412  0.2529  0.7671  0.8752  0.1473  0.000040
epoch:146 0.7810  0.9313  0.9268  0.1138  0.6562  0.8432  0.5329  0.8430  0.8430  0.2471  0.7716  0.8755  0.1464  0.000040
epoch:147 0.7792  0.9295  0.9232  0.1202  0.6508  0.8413  0.5323  0.8406  0.8406  0.2683  0.7680  0.8729  0.1466  0.000040
epoch:148 0.7795  0.9299  0.9235  0.1255  0.6489  0.8415  0.5341  0.8417  0.8417  0.2683  0.7649  0.8756  0.1470  0.000040
epoch:149 0.7797  0.9317  0.9252  0.1200  0.6496  0.8417  0.5323  0.8411  0.8411  0.2683  0.7637  0.8756  0.1469  0.000040
epoch:150 0.7802  0.9307  0.9271  0.1175  0.6480  0.8430  0.5330  0.8414  0.8414  0.2421  0.7666  0.8756  0.1469  0.000040
epoch:151 0.7805  0.9311  0.9227  0.1192  0.6567  0.8406  0.5329  0.8415  0.8415  0.2555  0.7718  0.8730  0.1468  0.000040
epoch:152 0.7783  0.9307  0.9240  0.1243  0.6549  0.8411  0.5323  0.8400  0.8400  0.2540  0.7677  0.8739  0.1465  0.000040
epoch:153 0.7792  0.9307  0.9223  0.1201  0.6514  0.8401  0.5312  0.8402  0.8402  0.2683  0.7647  0.8728  0.1455  0.000040
epoch:154 0.7782  0.9302  0.9234  0.1205  0.6480  0.8424  0.5349  0.8402  0.8402  0.2698  0.7638  0.8747  0.1458  0.000040
epoch:155 0.7784  0.9285  0.9225  0.1229  0.6457  0.8419  0.5318  0.8417  0.8417  0.2683  0.7663  0.8755  0.1467  0.000040
epoch:156 0.7794  0.9317  0.9232  0.1263  0.6530  0.8399  0.5327  0.8398  0.8398  0.2648  0.7648  0.8728  0.1448  0.000040
epoch:157 0.7791  0.9310  0.9251  0.1160  0.6529  0.8407  0.5312  0.8404  0.8404  0.2505  0.7669  0.8726  0.1454  0.000040
epoch:158 0.7779  0.9296  0.9213  0.1144  0.6532  0.8377  0.5329  0.8385  0.8385  0.2564  0.7644  0.8701  0.1465  0.000040
epoch:159 0.7810  0.9315  0.9267  0.1136  0.6531  0.8423  0.5320  0.8421  0.8421  0.2505  0.7669  0.8760  0.1458  0.000040
epoch:160 0.7810  0.9320  0.9253  0.1179  0.6532  0.8434  0.5335  0.8412  0.8412  0.2564  0.7666  0.8757  0.1463  0.000040
epoch:161 0.7807  0.9314  0.9267  0.1170  0.6531  0.8416  0.5311  0.8409  0.8409  0.2505  0.7654  0.8752  0.1459  0.000040
epoch:162 0.7814  0.9315  0.9269  0.1156  0.6535  0.8431  0.5309  0.8422  0.8422  0.2457  0.7700  0.8757  0.1451  0.000040
epoch:163 0.7785  0.9304  0.9258  0.1175  0.6538  0.8407  0.5324  0.8412  0.8412  0.2636  0.7702  0.8747  0.1454  0.000040
epoch:164 0.7793  0.9313  0.9253  0.1139  0.6535  0.8412  0.5320  0.8410  0.8410  0.2564  0.7680  0.8740  0.1452  0.000040
epoch:165 0.7805  0.9325  0.9254  0.1204  0.6527  0.8416  0.5318  0.8407  0.8407  0.2600  0.7678  0.8747  0.1452  0.000040
epoch:166 0.7803  0.9310  0.9243  0.1219  0.6506  0.8439  0.5330  0.8410  0.8410  0.2683  0.7649  0.8756  0.1465  0.000040
epoch:167 0.7799  0.9307  0.9242  0.1198  0.6541  0.8393  0.5342  0.8395  0.8395  0.2505  0.7667  0.8707  0.1462  0.000040
epoch:168 0.7779  0.9300  0.9230  0.1210  0.6510  0.8423  0.5323  0.8398  0.8398  0.2540  0.7640  0.8745  0.1453  0.000040
epoch:169 0.7792  0.9304  0.9233  0.1115  0.6523  0.8430  0.5333  0.8403  0.8403  0.2457  0.7657  0.8758  0.1458  0.000040
epoch:170 0.7805  0.9327  0.9277  0.1144  0.6558  0.8419  0.5328  0.8400  0.8400  0.2540  0.7658  0.8740  0.1457  0.000040
epoch:171 0.7794  0.9296  0.9232  0.1183  0.6559  0.8365  0.5343  0.8405  0.8405  0.2564  0.7715  0.8685  0.1460  0.000040
epoch:172 0.7806  0.9321  0.9276  0.1177  0.6537  0.8430  0.5325  0.8408  0.8408  0.2540  0.7632  0.8755  0.1452  0.000040
epoch:173 0.7794  0.9310  0.9257  0.1165  0.6519  0.8430  0.5325  0.8410  0.8410  0.2505  0.7651  0.8755  0.1456  0.000040
epoch:174 0.7777  0.9295  0.9245  0.1173  0.6505  0.8413  0.5319  0.8400  0.8400  0.2683  0.7658  0.8740  0.1449  0.000040
epoch:175 0.7811  0.9321  0.9253  0.1166  0.6544  0.8418  0.5317  0.8417  0.8417  0.2540  0.7644  0.8756  0.1452  0.000040
epoch:176 0.7782  0.9314  0.9265  0.1156  0.6537  0.8400  0.5300  0.8397  0.8397  0.2505  0.7657  0.8737  0.1455  0.000040
epoch:177 0.7780  0.9293  0.9208  0.1155  0.6515  0.8405  0.5333  0.8403  0.8403  0.2540  0.7649  0.8730  0.1448  0.000040
epoch:178 0.7803  0.9303  0.9256  0.1210  0.6577  0.8386  0.5322  0.8407  0.8407  0.2555  0.7697  0.8711  0.1449  0.000040
epoch:179 0.7792  0.9312  0.9262  0.1138  0.6546  0.8412  0.5310  0.8411  0.8411  0.2421  0.7682  0.8748  0.1457  0.000040
epoch:180 0.7781  0.9295  0.9247  0.1146  0.6481  0.8430  0.5316  0.8399  0.8399  0.2421  0.7659  0.8745  0.1456  0.000040
epoch:181 0.7777  0.9296  0.9225  0.1193  0.6488  0.8409  0.5320  0.8395  0.8395  0.2555  0.7632  0.8742  0.1453  0.000040
epoch:182 0.7796  0.9308  0.9257  0.1164  0.6521  0.8426  0.5333  0.8411  0.8411  0.2507  0.7690  0.8750  0.1438  0.000040
epoch:183 0.7798  0.9311  0.9244  0.1418  0.6562  0.8427  0.5356  0.8404  0.8404  0.2505  0.7676  0.8745  0.1448  0.000040
epoch:184 0.7809  0.9319  0.9249  0.1129  0.6519  0.8432  0.5322  0.8403  0.8403  0.2564  0.7671  0.8744  0.1452  0.000040
epoch:185 0.7770  0.9304  0.9255  0.1272  0.6536  0.8390  0.5302  0.8392  0.8392  0.2555  0.7669  0.8737  0.1452  0.000040
epoch:186 0.7807  0.9327  0.9262  0.1114  0.6546  0.8420  0.5337  0.8397  0.8397  0.2421  0.7643  0.8741  0.1443  0.000040
epoch:187 0.7804  0.9328  0.9279  0.1169  0.6589  0.8415  0.5321  0.8412  0.8412  0.2564  0.7699  0.8743  0.1445  0.000040
epoch:188 0.7812  0.9313  0.9264  0.1095  0.6538  0.8436  0.5316  0.8416  0.8416  0.2564  0.7686  0.8751  0.1442  0.000040
epoch:189 0.7818  0.9316  0.9266  0.1113  0.6557  0.8428  0.5344  0.8421  0.8421  0.2421  0.7692  0.8755  0.1448  0.000040
epoch:190 0.7798  0.9303  0.9252  0.1142  0.6536  0.8421  0.5319  0.8422  0.8422  0.2457  0.7685  0.8758  0.1440  0.000040
epoch:191 0.7806  0.9329  0.9290  0.1112  0.6524  0.8425  0.5340  0.8407  0.8407  0.2505  0.7652  0.8754  0.1447  0.000040
epoch:192 0.7783  0.9284  0.9214  0.1103  0.6471  0.8427  0.5333  0.8409  0.8409  0.2564  0.7648  0.8751  0.1439  0.000040
epoch:193 0.7775  0.9293  0.9242  0.1144  0.6516  0.8411  0.5313  0.8408  0.8408  0.2540  0.7669  0.8744  0.1427  0.000040
epoch:194 0.7798  0.9307  0.9252  0.1119  0.6516  0.8423  0.5324  0.8413  0.8413  0.2564  0.7670  0.8747  0.1439  0.000040
epoch:195 0.7808  0.9309  0.9257  0.1160  0.6552  0.8420  0.5318  0.8410  0.8410  0.2505  0.7690  0.8747  0.1450  0.000040
epoch:196 0.7779  0.9286  0.9234  0.1092  0.6517  0.8415  0.5321  0.8410  0.8410  0.2540  0.7687  0.8749  0.1441  0.000040
epoch:197 0.7792  0.9295  0.9243  0.1182  0.6503  0.8430  0.5333  0.8413  0.8413  0.2555  0.7686  0.8752  0.1445  0.000040
epoch:198 0.7791  0.9294  0.9207  0.1102  0.6476  0.8436  0.5326  0.8410  0.8410  0.2636  0.7645  0.8752  0.1438  0.000040
epoch:199 0.7768  0.9261  0.9200  0.1095  0.6452  0.8416  0.5326  0.8401  0.8401  0.2457  0.7650  0.8743  0.1444  0.000040
