epoch:0 0.7227  0.9385  0.7806  0.4715  0.7193  0.7107  0.4455  0.7639  0.7639  0.6000  0.7652  0.7563  0.6546  0.004000
epoch:1 0.7597  0.9424  0.8883  0.3153  0.7981  0.7658  0.4760  0.8156  0.8156  0.5333  0.8243  0.8325  0.2477  0.004000
epoch:2 0.8357  0.9533  0.9380  0.3493  0.8591  0.8267  0.5250  0.8637  0.8637  0.5667  0.8752  0.8629  0.2103  0.004000
epoch:3 0.8310  0.9512  0.9419  0.5261  0.8435  0.8211  0.5246  0.8645  0.8645  0.6333  0.8764  0.8629  0.1904  0.004000
epoch:4 0.8613  0.9541  0.9489  0.6554  0.8447  0.8486  0.5455  0.8868  0.8868  0.6667  0.8796  0.8798  0.1801  0.004000
epoch:5 0.8757  0.9756  0.9728  0.5822  0.8299  0.8690  0.5581  0.9042  0.9042  0.7000  0.8816  0.9033  0.1742  0.004000
epoch:6 0.8497  0.9488  0.9470  0.5692  0.8572  0.8350  0.5317  0.8799  0.8799  0.6667  0.8907  0.8709  0.1660  0.004000
epoch:7 0.8902  0.9847  0.9806  0.3990  0.8620  0.8814  0.5703  0.9154  0.9154  0.4000  0.8907  0.9128  0.1612  0.004000
epoch:8 0.8650  0.9558  0.9504  0.3980  0.8891  0.8502  0.5409  0.8904  0.8904  0.4000  0.9056  0.8806  0.1558  0.004000
epoch:9 0.8700  0.9558  0.9510  0.4644  0.8404  0.8598  0.5499  0.8966  0.8966  0.4667  0.8865  0.8922  0.1527  0.004000
epoch:10 0.8452  0.9536  0.9487  0.3980  0.8490  0.8455  0.5273  0.8711  0.8711  0.4000  0.8844  0.8766  0.1487  0.004000
epoch:11 0.8706  0.9731  0.9696  0.4317  0.8142  0.8753  0.5589  0.9080  0.9080  0.4333  0.8660  0.9146  0.1453  0.004000
epoch:12 0.9013  0.9830  0.9794  0.3653  0.8656  0.8915  0.5769  0.9283  0.9283  0.3667  0.9110  0.9233  0.1434  0.004000
epoch:13 0.8908  0.9776  0.9740  0.3980  0.8482  0.8801  0.5677  0.9171  0.9171  0.4000  0.8864  0.9143  0.1407  0.004000
epoch:14 0.8971  0.9794  0.9778  0.3663  0.8432  0.8857  0.5768  0.9245  0.9245  0.4333  0.8931  0.9197  0.1379  0.004000
epoch:15 0.8976  0.9798  0.9762  0.3980  0.8534  0.8889  0.5743  0.9237  0.9237  0.4000  0.8831  0.9216  0.1356  0.004000
epoch:16 0.9189  0.9817  0.9797  0.3653  0.8658  0.9131  0.5855  0.9411  0.9411  0.3667  0.8952  0.9431  0.1227  0.000400
epoch:17 0.8971  0.9793  0.9760  0.3653  0.8621  0.8980  0.5722  0.9230  0.9230  0.3667  0.8919  0.9285  0.1211  0.000400
epoch:18 0.9039  0.9788  0.9753  0.4317  0.8717  0.8945  0.5766  0.9296  0.9296  0.4333  0.9009  0.9278  0.1204  0.000400
epoch:19 0.9069  0.9748  0.9730  0.3980  0.8676  0.8993  0.5809  0.9353  0.9353  0.4000  0.8943  0.9360  0.1192  0.000400
epoch:20 0.9065  0.9781  0.9747  0.3980  0.8682  0.8970  0.5828  0.9354  0.9354  0.4000  0.8948  0.9362  0.1189  0.000400
epoch:21 0.9041  0.9745  0.9727  0.3980  0.8704  0.8942  0.5777  0.9320  0.9320  0.4000  0.9000  0.9310  0.1186  0.000400
epoch:22 0.9027  0.9767  0.9749  0.3980  0.8717  0.8916  0.5781  0.9288  0.9288  0.4000  0.9001  0.9273  0.1175  0.000040
epoch:23 0.8955  0.9752  0.9734  0.3980  0.8677  0.8842  0.5711  0.9227  0.9227  0.4000  0.8949  0.9199  0.1172  0.000040
epoch:24 0.9050  0.9755  0.9738  0.3980  0.8693  0.8955  0.5782  0.9323  0.9323  0.4000  0.8959  0.9312  0.1171  0.000040
epoch:25 0.9052  0.9750  0.9733  0.3980  0.8673  0.8963  0.5800  0.9340  0.9340  0.4000  0.8946  0.9338  0.1171  0.000040
epoch:26 0.9034  0.9743  0.9726  0.4317  0.8689  0.8940  0.5781  0.9302  0.9302  0.4333  0.8951  0.9294  0.1174  0.000040
epoch:27 0.9055  0.9752  0.9734  0.4317  0.8705  0.8959  0.5800  0.9349  0.9349  0.4333  0.9001  0.9343  0.1170  0.000040
epoch:28 0.9038  0.9739  0.9721  0.4317  0.8696  0.8939  0.5782  0.9333  0.9333  0.4333  0.8967  0.9323  0.1172  0.000040
epoch:29 0.9055  0.9757  0.9739  0.3980  0.8682  0.8967  0.5777  0.9324  0.9324  0.4000  0.8952  0.9319  0.1168  0.000040
epoch:30 0.9043  0.9746  0.9728  0.3980  0.8679  0.8959  0.5781  0.9323  0.9323  0.4000  0.8947  0.9322  0.1166  0.000040
epoch:31 0.9069  0.9766  0.9748  0.3980  0.8611  0.8989  0.5807  0.9351  0.9351  0.4000  0.8889  0.9365  0.1167  0.000040
epoch:32 0.9065  0.9742  0.9725  0.3980  0.8673  0.8976  0.5804  0.9343  0.9343  0.4000  0.8946  0.9338  0.1166  0.000040
epoch:33 0.9043  0.9746  0.9728  0.3980  0.8669  0.8953  0.5789  0.9322  0.9322  0.4000  0.8942  0.9321  0.1166  0.000040
epoch:34 0.9037  0.9743  0.9742  0.3980  0.8702  0.8941  0.5776  0.9317  0.9317  0.4000  0.8992  0.9308  0.1168  0.000040
epoch:35 0.9028  0.9746  0.9729  0.3980  0.8676  0.8935  0.5781  0.9294  0.9294  0.4000  0.8945  0.9286  0.1167  0.000004
epoch:36 0.9030  0.9752  0.9734  0.3980  0.8691  0.8929  0.5779  0.9296  0.9296  0.4000  0.8959  0.9281  0.1164  0.000004
epoch:37 0.9042  0.9747  0.9730  0.3980  0.8667  0.8957  0.5771  0.9317  0.9317  0.4000  0.8934  0.9319  0.1164  0.000004
epoch:38 0.9011  0.9759  0.9741  0.3980  0.8674  0.8915  0.5742  0.9288  0.9288  0.4000  0.8953  0.9271  0.1164  0.000004
epoch:39 0.9016  0.9743  0.9726  0.3980  0.8665  0.8925  0.5781  0.9290  0.9290  0.4000  0.8937  0.9282  0.1167  0.000004
epoch:40 0.9035  0.9746  0.9745  0.3980  0.8712  0.8947  0.5786  0.9305  0.9305  0.4000  0.9008  0.9295  0.1165  0.000004
epoch:41 0.9034  0.9750  0.9732  0.4317  0.8685  0.8944  0.5783  0.9301  0.9301  0.4333  0.8956  0.9291  0.1169  0.000004
epoch:42 0.9058  0.9748  0.9731  0.3980  0.8689  0.8967  0.5791  0.9332  0.9332  0.4000  0.8957  0.9327  0.1167  0.000004
epoch:43 0.9052  0.9757  0.9740  0.3980  0.8711  0.8955  0.5787  0.9330  0.9330  0.4000  0.9009  0.9318  0.1167  0.000004
epoch:44 0.9036  0.9745  0.9728  0.3980  0.8684  0.8940  0.5804  0.9316  0.9316  0.4000  0.8953  0.9310  0.1169  0.000004
epoch:45 0.9105  0.9759  0.9741  0.3980  0.8679  0.9025  0.5841  0.9380  0.9380  0.4000  0.8949  0.9386  0.1163  0.000004
epoch:46 0.9006  0.9753  0.9735  0.3980  0.8672  0.8908  0.5775  0.9287  0.9287  0.4000  0.8944  0.9272  0.1164  0.000004
epoch:47 0.9057  0.9745  0.9728  0.3980  0.8700  0.8968  0.5804  0.9343  0.9343  0.4000  0.8992  0.9341  0.1167  0.000004
epoch:48 0.9029  0.9750  0.9733  0.3980  0.8694  0.8933  0.5782  0.9303  0.9303  0.4000  0.8968  0.9289  0.1164  0.000004
epoch:49 0.9025  0.9742  0.9725  0.3980  0.8673  0.8920  0.5802  0.9304  0.9304  0.4000  0.8940  0.9288  0.1165  0.000004
epoch:50 0.9033  0.9745  0.9728  0.3980  0.8687  0.8936  0.5776  0.9300  0.9300  0.4000  0.8959  0.9285  0.1165  0.000004
epoch:51 0.9020  0.9749  0.9732  0.4317  0.8688  0.8916  0.5774  0.9294  0.9294  0.4333  0.8963  0.9275  0.1164  0.000004
epoch:52 0.9072  0.9744  0.9726  0.3980  0.8682  0.8984  0.5812  0.9352  0.9352  0.4000  0.8957  0.9348  0.1166  0.000004
epoch:53 0.9055  0.9747  0.9729  0.3980  0.8684  0.8971  0.5783  0.9334  0.9334  0.4000  0.8961  0.9331  0.1167  0.000004
epoch:54 0.9073  0.9751  0.9734  0.3980  0.8675  0.8993  0.5814  0.9357  0.9357  0.4000  0.8944  0.9363  0.1163  0.000004
epoch:55 0.9075  0.9755  0.9754  0.3980  0.8691  0.8999  0.5808  0.9351  0.9351  0.4000  0.8990  0.9360  0.1167  0.000004
