epoch:0 0.7886  0.9340  0.8942  0.4932  0.7298  0.7839  0.4949  0.8264  0.8264  0.6000  0.8138  0.8237  0.6546  0.004000
epoch:1 0.8018  0.9378  0.8899  0.3764  0.7979  0.8103  0.4999  0.8653  0.8653  0.6333  0.8653  0.8626  0.2477  0.004000
epoch:2 0.8520  0.9451  0.9272  0.3111  0.8419  0.8344  0.5360  0.8818  0.8818  0.5667  0.8948  0.8662  0.2103  0.004000
epoch:3 0.8476  0.9512  0.9353  0.4274  0.8466  0.8397  0.5334  0.8798  0.8798  0.5667  0.8953  0.8733  0.1904  0.004000
epoch:4 0.8558  0.9541  0.9475  0.5221  0.8469  0.8509  0.5375  0.8803  0.8803  0.5667  0.8848  0.8766  0.1801  0.004000
epoch:5 0.8772  0.9749  0.9644  0.3761  0.8030  0.8849  0.5603  0.9062  0.9062  0.5333  0.8610  0.9125  0.1742  0.004000
epoch:6 0.8624  0.9489  0.9378  0.2816  0.8557  0.8473  0.5363  0.8880  0.8880  0.5667  0.8896  0.8776  0.1660  0.004000
epoch:7 0.8917  0.9826  0.9776  0.3327  0.8680  0.8805  0.5633  0.9121  0.9121  0.3333  0.9042  0.9039  0.1612  0.004000
epoch:8 0.8689  0.9536  0.9403  0.2891  0.8755  0.8548  0.5445  0.8943  0.8943  0.3333  0.9013  0.8836  0.1558  0.004000
epoch:9 0.8693  0.9558  0.9495  0.3109  0.8467  0.8573  0.5435  0.8945  0.8945  0.3667  0.9012  0.8846  0.1527  0.004000
epoch:10 0.8765  0.9536  0.9473  0.2891  0.8508  0.8661  0.5486  0.8990  0.8990  0.3333  0.8899  0.8904  0.1487  0.004000
epoch:11 0.8926  0.9731  0.9713  0.2548  0.8392  0.8893  0.5647  0.9198  0.9198  0.4000  0.8929  0.9176  0.1453  0.004000
epoch:12 0.8990  0.9827  0.9732  0.2891  0.8330  0.8962  0.5718  0.9255  0.9255  0.3333  0.8800  0.9235  0.1434  0.004000
epoch:13 0.8937  0.9773  0.9689  0.2891  0.8327  0.8901  0.5661  0.9189  0.9189  0.3333  0.8752  0.9174  0.1407  0.004000
epoch:14 0.8893  0.9794  0.9717  0.1663  0.8221  0.8849  0.5674  0.9140  0.9140  0.3333  0.8750  0.9099  0.1379  0.004000
epoch:15 0.8934  0.9798  0.9699  0.3327  0.8343  0.8913  0.5661  0.9179  0.9179  0.3333  0.8743  0.9168  0.1356  0.004000
epoch:16 0.8990  0.9818  0.9766  0.2891  0.8519  0.8950  0.5691  0.9210  0.9210  0.3333  0.8884  0.9192  0.1227  0.000400
epoch:17 0.8965  0.9793  0.9746  0.2337  0.8456  0.8934  0.5684  0.9208  0.9208  0.2667  0.8830  0.9192  0.1211  0.000400
epoch:18 0.8943  0.9788  0.9738  0.2891  0.8478  0.8900  0.5655  0.9196  0.9196  0.3333  0.8843  0.9181  0.1204  0.000400
epoch:19 0.8940  0.9749  0.9716  0.2673  0.8486  0.8892  0.5692  0.9213  0.9213  0.3000  0.8836  0.9198  0.1192  0.000400
epoch:20 0.8978  0.9781  0.9733  0.2891  0.8465  0.8939  0.5711  0.9247  0.9247  0.3333  0.8845  0.9240  0.1189  0.000400
epoch:21 0.8883  0.9746  0.9713  0.2891  0.8398  0.8855  0.5665  0.9177  0.9177  0.3333  0.8814  0.9165  0.1186  0.000400
epoch:22 0.8929  0.9767  0.9734  0.2891  0.8395  0.8897  0.5689  0.9204  0.9204  0.3333  0.8772  0.9200  0.1175  0.000040
epoch:23 0.8944  0.9752  0.9704  0.2337  0.8457  0.8906  0.5686  0.9210  0.9210  0.2667  0.8826  0.9198  0.1172  0.000040
epoch:24 0.8900  0.9756  0.9723  0.2673  0.8450  0.8860  0.5637  0.9156  0.9156  0.3000  0.8823  0.9135  0.1171  0.000040
epoch:25 0.8921  0.9751  0.9687  0.2673  0.8362  0.8887  0.5679  0.9205  0.9205  0.3000  0.8741  0.9195  0.1171  0.000040
epoch:26 0.8913  0.9743  0.9711  0.2891  0.8378  0.8885  0.5683  0.9198  0.9198  0.3333  0.8774  0.9186  0.1174  0.000040
epoch:27 0.8918  0.9752  0.9719  0.2891  0.8448  0.8883  0.5680  0.9207  0.9207  0.3333  0.8830  0.9194  0.1170  0.000040
epoch:28 0.8909  0.9739  0.9706  0.2891  0.8387  0.8872  0.5685  0.9201  0.9201  0.3333  0.8776  0.9190  0.1172  0.000040
epoch:29 0.8931  0.9758  0.9725  0.2891  0.8377  0.8909  0.5689  0.9211  0.9211  0.3333  0.8777  0.9204  0.1168  0.000040
epoch:30 0.8918  0.9746  0.9713  0.2673  0.8408  0.8877  0.5683  0.9202  0.9202  0.3000  0.8788  0.9186  0.1166  0.000040
epoch:31 0.8939  0.9766  0.9733  0.2673  0.8379  0.8922  0.5689  0.9213  0.9213  0.3000  0.8772  0.9216  0.1167  0.000040
epoch:32 0.8890  0.9743  0.9678  0.2891  0.8345  0.8856  0.5682  0.9190  0.9190  0.3333  0.8724  0.9177  0.1166  0.000040
epoch:33 0.8906  0.9746  0.9713  0.2673  0.8382  0.8882  0.5690  0.9200  0.9200  0.3000  0.8773  0.9189  0.1166  0.000040
epoch:34 0.8920  0.9744  0.9695  0.2337  0.8385  0.8900  0.5692  0.9206  0.9206  0.2667  0.8773  0.9198  0.1168  0.000040
epoch:35 0.8882  0.9746  0.9713  0.2891  0.8424  0.8846  0.5681  0.9173  0.9173  0.3333  0.8820  0.9154  0.1167  0.000004
epoch:36 0.8937  0.9752  0.9719  0.2554  0.8372  0.8919  0.5706  0.9225  0.9225  0.3000  0.8773  0.9221  0.1164  0.000004
epoch:37 0.8904  0.9748  0.9715  0.2891  0.8391  0.8877  0.5680  0.9197  0.9197  0.3333  0.8782  0.9185  0.1164  0.000004
epoch:38 0.8890  0.9759  0.9695  0.2673  0.8333  0.8863  0.5678  0.9169  0.9169  0.3000  0.8725  0.9154  0.1164  0.000004
epoch:39 0.8908  0.9744  0.9695  0.2554  0.8386  0.8881  0.5687  0.9203  0.9203  0.3000  0.8780  0.9192  0.1167  0.000004
epoch:40 0.8891  0.9745  0.9714  0.2891  0.8448  0.8852  0.5658  0.9182  0.9182  0.3333  0.8835  0.9161  0.1165  0.000004
epoch:41 0.8887  0.9750  0.9718  0.2891  0.8388  0.8851  0.5661  0.9176  0.9176  0.3333  0.8783  0.9157  0.1169  0.000004
epoch:42 0.8907  0.9749  0.9716  0.2891  0.8368  0.8882  0.5684  0.9197  0.9197  0.3333  0.8770  0.9186  0.1167  0.000004
epoch:43 0.8943  0.9758  0.9725  0.2554  0.8446  0.8913  0.5689  0.9213  0.9213  0.3000  0.8823  0.9205  0.1167  0.000004
epoch:44 0.8869  0.9745  0.9697  0.2554  0.8378  0.8837  0.5679  0.9165  0.9165  0.3000  0.8773  0.9147  0.1169  0.000004
epoch:45 0.8872  0.9759  0.9710  0.2337  0.8392  0.8836  0.5668  0.9144  0.9144  0.2667  0.8781  0.9120  0.1163  0.000004
epoch:46 0.8926  0.9753  0.9719  0.2673  0.8353  0.8907  0.5684  0.9205  0.9205  0.3000  0.8726  0.9200  0.1164  0.000004
epoch:47 0.8874  0.9746  0.9713  0.2891  0.8376  0.8841  0.5684  0.9169  0.9169  0.3333  0.8771  0.9151  0.1167  0.000004
epoch:48 0.8885  0.9751  0.9702  0.2554  0.8440  0.8848  0.5679  0.9182  0.9182  0.3000  0.8828  0.9164  0.1164  0.000004
epoch:49 0.8922  0.9742  0.9672  0.2891  0.8444  0.8881  0.5680  0.9199  0.9199  0.3333  0.8820  0.9177  0.1165  0.000004
epoch:50 0.8881  0.9746  0.9698  0.2891  0.8441  0.8844  0.5655  0.9154  0.9154  0.3333  0.8827  0.9127  0.1165  0.000004
epoch:51 0.8856  0.9750  0.9717  0.2891  0.8367  0.8821  0.5651  0.9141  0.9141  0.3333  0.8771  0.9117  0.1164  0.000004
epoch:52 0.8913  0.9744  0.9711  0.2891  0.8397  0.8880  0.5697  0.9207  0.9207  0.3333  0.8785  0.9194  0.1166  0.000004
epoch:53 0.8904  0.9747  0.9714  0.2891  0.8444  0.8865  0.5683  0.9214  0.9214  0.3333  0.8838  0.9197  0.1167  0.000004
epoch:54 0.8919  0.9751  0.9703  0.2554  0.8446  0.8889  0.5716  0.9210  0.9210  0.3000  0.8838  0.9193  0.1163  0.000004
epoch:55 0.8882  0.9756  0.9723  0.2891  0.8447  0.8838  0.5680  0.9169  0.9169  0.3333  0.8817  0.9150  0.1167  0.000004
