epoch:0 0.6242  0.8815  0.7706  0.1972  0.5647  0.6209  0.4561  0.7506  0.7510  0.4507  0.7051  0.7708  1.1745  0.004000
epoch:1 0.6992  0.8984  0.8665  0.2245  0.6349  0.6917  0.4999  0.7990  0.7990  0.3557  0.7614  0.8175  0.3762  0.004000
epoch:2 0.7216  0.8990  0.8842  0.3273  0.6536  0.7111  0.5119  0.8219  0.8219  0.5302  0.7737  0.8386  0.3022  0.004000
epoch:3 0.7571  0.9202  0.9084  0.4163  0.6973  0.7565  0.5316  0.8392  0.8392  0.5929  0.7971  0.8523  0.2742  0.004000
epoch:4 0.7787  0.9250  0.9076  0.3289  0.6955  0.7948  0.5473  0.8546  0.8546  0.5602  0.7944  0.8774  0.2494  0.004000
epoch:5 0.6888  0.8381  0.8284  0.3746  0.6254  0.6910  0.4958  0.7802  0.7802  0.5386  0.7401  0.7760  0.2404  0.004000
epoch:6 0.7675  0.9281  0.9125  0.3886  0.7014  0.7788  0.5331  0.8411  0.8411  0.5574  0.7938  0.8618  0.2310  0.004000
epoch:7 0.7733  0.9234  0.9101  0.4391  0.7014  0.7802  0.5426  0.8447  0.8447  0.6214  0.7896  0.8595  0.2171  0.004000
epoch:8 0.7625  0.9054  0.8961  0.3743  0.6931  0.7667  0.5329  0.8393  0.8393  0.5421  0.7877  0.8538  0.2090  0.004000
epoch:9 0.7756  0.9280  0.9129  0.3443  0.6998  0.7801  0.5434  0.8454  0.8454  0.4864  0.7859  0.8673  0.2038  0.004000
epoch:10 0.7677  0.9229  0.9062  0.3170  0.6947  0.7882  0.5327  0.8295  0.8295  0.4107  0.7883  0.8481  0.1943  0.004000
epoch:11 0.7824  0.9170  0.9029  0.3737  0.7077  0.7931  0.5480  0.8484  0.8484  0.4990  0.7959  0.8624  0.1917  0.004000
epoch:12 0.7734  0.9205  0.9073  0.3938  0.7024  0.7868  0.5377  0.8409  0.8409  0.5331  0.7870  0.8614  0.1842  0.004000
epoch:13 0.7819  0.9225  0.9092  0.3996  0.7124  0.7885  0.5446  0.8471  0.8471  0.5433  0.7887  0.8626  0.1822  0.004000
epoch:14 0.7769  0.9181  0.9050  0.4347  0.7032  0.7905  0.5473  0.8437  0.8437  0.5388  0.7842  0.8651  0.1834  0.004000
epoch:15 0.7531  0.9093  0.8932  0.3943  0.6881  0.7686  0.5296  0.8239  0.8239  0.4543  0.7630  0.8505  0.1746  0.004000
epoch:16 0.7862  0.9249  0.9117  0.4379  0.7036  0.8049  0.5504  0.8529  0.8529  0.5479  0.7850  0.8729  0.1635  0.000400
epoch:17 0.7929  0.9269  0.9148  0.4126  0.7134  0.8120  0.5526  0.8550  0.8550  0.5279  0.7962  0.8759  0.1601  0.000400
epoch:18 0.7908  0.9239  0.9088  0.4179  0.7084  0.8079  0.5505  0.8534  0.8534  0.5300  0.7885  0.8767  0.1589  0.000400
epoch:19 0.7905  0.9266  0.9132  0.4056  0.7102  0.8051  0.5504  0.8520  0.8520  0.5086  0.7880  0.8757  0.1569  0.000400
epoch:20 0.7870  0.9242  0.9098  0.4220  0.7056  0.8013  0.5480  0.8491  0.8491  0.5300  0.7866  0.8732  0.1567  0.000400
epoch:21 0.7863  0.9244  0.9102  0.4065  0.7088  0.7971  0.5478  0.8513  0.8513  0.5186  0.7888  0.8743  0.1557  0.000400
epoch:22 0.7881  0.9247  0.9084  0.4123  0.7068  0.7997  0.5479  0.8526  0.8526  0.5245  0.7898  0.8737  0.1541  0.000040
epoch:23 0.7873  0.9246  0.9084  0.4244  0.7134  0.7978  0.5483  0.8503  0.8503  0.5267  0.7888  0.8728  0.1529  0.000040
epoch:24 0.7889  0.9258  0.9095  0.4223  0.7130  0.7999  0.5469  0.8517  0.8517  0.5171  0.7931  0.8748  0.1539  0.000040
epoch:25 0.7882  0.9251  0.9083  0.4012  0.7115  0.7996  0.5488  0.8514  0.8514  0.5100  0.7909  0.8726  0.1535  0.000040
epoch:26 0.7906  0.9255  0.9107  0.4189  0.7072  0.8042  0.5499  0.8524  0.8524  0.5264  0.7914  0.8757  0.1548  0.000040
epoch:27 0.7890  0.9247  0.9083  0.4221  0.7106  0.8016  0.5480  0.8516  0.8516  0.5400  0.7915  0.8731  0.1538  0.000040
epoch:28 0.7896  0.9255  0.9099  0.4085  0.7099  0.8024  0.5492  0.8520  0.8520  0.5100  0.7884  0.8753  0.1538  0.000040
epoch:29 0.7885  0.9255  0.9088  0.4064  0.7084  0.8026  0.5464  0.8519  0.8519  0.5100  0.7900  0.8748  0.1524  0.000040
epoch:30 0.7898  0.9262  0.9121  0.4040  0.7073  0.8046  0.5491  0.8512  0.8512  0.4921  0.7872  0.8742  0.1537  0.000040
epoch:31 0.7897  0.9249  0.9092  0.3881  0.7113  0.8040  0.5482  0.8520  0.8520  0.4936  0.7906  0.8753  0.1535  0.000040
epoch:32 0.7888  0.9254  0.9091  0.4157  0.7113  0.8007  0.5495  0.8509  0.8509  0.5186  0.7876  0.8741  0.1530  0.000040
epoch:33 0.7896  0.9278  0.9119  0.3890  0.7106  0.8044  0.5502  0.8527  0.8527  0.4921  0.7897  0.8744  0.1529  0.000040
epoch:34 0.7900  0.9261  0.9094  0.4056  0.7072  0.8045  0.5496  0.8519  0.8519  0.4957  0.7925  0.8736  0.1534  0.000040
epoch:35 0.7916  0.9273  0.9119  0.3890  0.7133  0.8063  0.5498  0.8533  0.8533  0.4921  0.7935  0.8736  0.1531  0.000040
epoch:36 0.7879  0.9248  0.9085  0.4040  0.7101  0.8029  0.5481  0.8511  0.8511  0.4921  0.7907  0.8749  0.1528  0.000040
epoch:37 0.7924  0.9286  0.9130  0.4064  0.7082  0.8110  0.5512  0.8534  0.8534  0.4971  0.7902  0.8773  0.1525  0.000040
epoch:38 0.7900  0.9242  0.9086  0.4181  0.7082  0.8065  0.5479  0.8518  0.8518  0.5171  0.7884  0.8757  0.1533  0.000040
epoch:39 0.7860  0.9228  0.9069  0.4144  0.7115  0.7988  0.5485  0.8497  0.8497  0.5136  0.7896  0.8720  0.1527  0.000040
epoch:40 0.7878  0.9252  0.9119  0.4187  0.7082  0.8037  0.5500  0.8512  0.8512  0.5186  0.7884  0.8735  0.1533  0.000040
epoch:41 0.7900  0.9260  0.9110  0.4192  0.7071  0.8073  0.5510  0.8510  0.8510  0.5171  0.7858  0.8755  0.1526  0.000040
epoch:42 0.7891  0.9253  0.9108  0.3864  0.7087  0.8019  0.5513  0.8505  0.8505  0.4936  0.7914  0.8705  0.1523  0.000040
epoch:43 0.7895  0.9252  0.9117  0.4113  0.7133  0.8033  0.5512  0.8520  0.8520  0.5150  0.7921  0.8732  0.1529  0.000040
epoch:44 0.7863  0.9227  0.9067  0.4371  0.7102  0.8009  0.5487  0.8481  0.8481  0.5314  0.7862  0.8701  0.1528  0.000040
epoch:45 0.7907  0.9255  0.9118  0.4024  0.7123  0.8058  0.5491  0.8535  0.8535  0.4921  0.7925  0.8753  0.1528  0.000040
epoch:46 0.7895  0.9246  0.9121  0.4040  0.7073  0.8065  0.5487  0.8522  0.8522  0.4921  0.7848  0.8759  0.1522  0.000040
epoch:47 0.7910  0.9262  0.9110  0.4077  0.7144  0.8054  0.5500  0.8525  0.8525  0.4957  0.7908  0.8768  0.1525  0.000040
epoch:48 0.7906  0.9257  0.9092  0.4040  0.7094  0.8094  0.5489  0.8525  0.8525  0.4921  0.7901  0.8757  0.1529  0.000040
epoch:49 0.7923  0.9247  0.9114  0.4077  0.7119  0.8101  0.5494  0.8525  0.8525  0.4957  0.7912  0.8763  0.1519  0.000040
epoch:50 0.7894  0.9274  0.9113  0.4040  0.7129  0.8041  0.5502  0.8521  0.8521  0.4921  0.7926  0.8733  0.1514  0.000040
epoch:51 0.7894  0.9259  0.9119  0.4138  0.7141  0.8048  0.5483  0.8518  0.8518  0.5186  0.7914  0.8754  0.1517  0.000040
epoch:52 0.7908  0.9263  0.9127  0.4068  0.7138  0.8063  0.5493  0.8519  0.8519  0.4921  0.7913  0.8753  0.1519  0.000040
epoch:53 0.7892  0.9259  0.9097  0.4134  0.7132  0.8054  0.5496  0.8519  0.8519  0.5136  0.7916  0.8741  0.1519  0.000040
epoch:54 0.7894  0.9279  0.9125  0.3987  0.7130  0.8063  0.5493  0.8517  0.8517  0.4971  0.7910  0.8731  0.1522  0.000040
epoch:55 0.7887  0.9257  0.9077  0.4099  0.7105  0.8013  0.5485  0.8504  0.8504  0.5136  0.7902  0.8739  0.1517  0.000040
epoch:56 0.7882  0.9253  0.9116  0.4072  0.7138  0.8042  0.5482  0.8519  0.8519  0.4971  0.7916  0.8735  0.1518  0.000040
epoch:57 0.7917  0.9266  0.9105  0.4040  0.7114  0.8108  0.5494  0.8537  0.8537  0.4921  0.7923  0.8775  0.1516  0.000040
epoch:58 0.7903  0.9265  0.9109  0.4057  0.7081  0.8084  0.5511  0.8505  0.8505  0.5086  0.7872  0.8751  0.1510  0.000040
epoch:59 0.7887  0.9256  0.9115  0.4040  0.7134  0.8030  0.5500  0.8514  0.8514  0.4921  0.7909  0.8740  0.1521  0.000040
epoch:60 0.7887  0.9256  0.9108  0.4040  0.7150  0.8056  0.5499  0.8500  0.8500  0.4921  0.7930  0.8727  0.1515  0.000040
epoch:61 0.7898  0.9257  0.9109  0.4121  0.7124  0.8059  0.5472  0.8520  0.8520  0.5100  0.7918  0.8755  0.1517  0.000040
epoch:62 0.7881  0.9250  0.9069  0.4144  0.7099  0.8014  0.5500  0.8514  0.8514  0.5136  0.7909  0.8755  0.1514  0.000040
epoch:63 0.7900  0.9262  0.9102  0.4018  0.7124  0.8078  0.5517  0.8524  0.8524  0.4921  0.7925  0.8756  0.1514  0.000040
epoch:64 0.7918  0.9274  0.9115  0.4005  0.7156  0.8081  0.5508  0.8538  0.8538  0.4886  0.7950  0.8753  0.1515  0.000040
epoch:65 0.7900  0.9268  0.9117  0.4145  0.7132  0.8052  0.5499  0.8507  0.8507  0.4921  0.7874  0.8747  0.1511  0.000040
epoch:66 0.7893  0.9270  0.9133  0.4040  0.7116  0.8065  0.5498  0.8507  0.8507  0.4921  0.7880  0.8734  0.1519  0.000040
epoch:67 0.7874  0.9235  0.9070  0.4166  0.7114  0.8049  0.5492  0.8501  0.8501  0.4921  0.7877  0.8732  0.1511  0.000040
epoch:68 0.7898  0.9283  0.9132  0.3970  0.7143  0.8060  0.5521  0.8519  0.8519  0.4921  0.7925  0.8732  0.1518  0.000040
epoch:69 0.7891  0.9269  0.9112  0.4040  0.7110  0.8071  0.5491  0.8500  0.8500  0.4921  0.7872  0.8740  0.1511  0.000040
epoch:70 0.7878  0.9242  0.9082  0.4377  0.7092  0.8041  0.5494  0.8487  0.8487  0.5314  0.7863  0.8751  0.1514  0.000040
epoch:71 0.7901  0.9264  0.9110  0.4040  0.7122  0.8083  0.5472  0.8514  0.8514  0.4921  0.7893  0.8748  0.1515  0.000040
epoch:72 0.7933  0.9292  0.9141  0.3991  0.7175  0.8085  0.5494  0.8522  0.8522  0.4921  0.7935  0.8736  0.1512  0.000040
epoch:73 0.7903  0.9248  0.9133  0.4040  0.7142  0.8083  0.5511  0.8518  0.8518  0.4921  0.7924  0.8741  0.1503  0.000040
epoch:74 0.7915  0.9238  0.9119  0.3959  0.7103  0.8120  0.5504  0.8545  0.8545  0.4971  0.7898  0.8787  0.1515  0.000040
epoch:75 0.7889  0.9243  0.9128  0.4006  0.7109  0.8061  0.5491  0.8504  0.8504  0.4921  0.7910  0.8741  0.1507  0.000040
epoch:76 0.7858  0.9223  0.9047  0.4009  0.7119  0.8019  0.5501  0.8458  0.8458  0.4886  0.7876  0.8691  0.1506  0.000040
epoch:77 0.7887  0.9239  0.9090  0.4018  0.7147  0.8023  0.5489  0.8496  0.8496  0.4921  0.7874  0.8728  0.1509  0.000040
epoch:78 0.7901  0.9261  0.9120  0.4145  0.7134  0.8056  0.5512  0.8510  0.8510  0.4921  0.7905  0.8740  0.1507  0.000040
epoch:79 0.7885  0.9259  0.9109  0.4068  0.7107  0.8031  0.5481  0.8495  0.8495  0.4921  0.7851  0.8741  0.1500  0.000040
epoch:80 0.7897  0.9242  0.9080  0.4111  0.7142  0.8050  0.5517  0.8508  0.8508  0.5136  0.7907  0.8743  0.1505  0.000040
epoch:81 0.7905  0.9264  0.9097  0.4281  0.7160  0.8086  0.5506  0.8518  0.8518  0.5136  0.7907  0.8748  0.1502  0.000040
epoch:82 0.7912  0.9274  0.9111  0.4121  0.7173  0.8067  0.5519  0.8524  0.8524  0.5136  0.7928  0.8747  0.1502  0.000040
epoch:83 0.7883  0.9258  0.9086  0.3895  0.7154  0.8051  0.5523  0.8498  0.8498  0.4671  0.7890  0.8724  0.1501  0.000040
epoch:84 0.7910  0.9284  0.9132  0.3975  0.7118  0.8095  0.5489  0.8522  0.8522  0.4957  0.7903  0.8744  0.1503  0.000040
epoch:85 0.7881  0.9266  0.9107  0.4116  0.7180  0.8033  0.5511  0.8503  0.8503  0.4871  0.7927  0.8717  0.1503  0.000040
epoch:86 0.7907  0.9264  0.9101  0.4155  0.7120  0.8079  0.5512  0.8512  0.8512  0.5136  0.7902  0.8739  0.1500  0.000040
epoch:87 0.7910  0.9264  0.9130  0.3790  0.7139  0.8094  0.5508  0.8519  0.8519  0.4671  0.7905  0.8733  0.1500  0.000040
epoch:88 0.7909  0.9260  0.9101  0.3896  0.7137  0.8083  0.5521  0.8537  0.8537  0.4886  0.7931  0.8753  0.1499  0.000040
epoch:89 0.7896  0.9259  0.9078  0.4110  0.7084  0.8090  0.5491  0.8516  0.8516  0.5136  0.7886  0.8758  0.1497  0.000040
epoch:90 0.7889  0.9260  0.9126  0.4095  0.7149  0.8046  0.5477  0.8512  0.8512  0.4871  0.7899  0.8735  0.1494  0.000040
epoch:91 0.7861  0.9242  0.9085  0.4083  0.7129  0.8009  0.5511  0.8473  0.8473  0.4871  0.7828  0.8703  0.1498  0.000040
epoch:92 0.7874  0.9244  0.9083  0.4111  0.7075  0.8047  0.5494  0.8485  0.8485  0.5086  0.7844  0.8738  0.1501  0.000040
epoch:93 0.7879  0.9251  0.9100  0.4132  0.7107  0.8056  0.5479  0.8504  0.8504  0.4921  0.7893  0.8742  0.1505  0.000040
epoch:94 0.7894  0.9255  0.9137  0.3909  0.7156  0.8073  0.5499  0.8513  0.8513  0.4671  0.7932  0.8733  0.1500  0.000040
epoch:95 0.7921  0.9278  0.9140  0.4040  0.7182  0.8069  0.5523  0.8536  0.8536  0.4921  0.7965  0.8745  0.1503  0.000040
epoch:96 0.7918  0.9255  0.9127  0.4040  0.7124  0.8119  0.5509  0.8508  0.8508  0.4921  0.7883  0.8766  0.1496  0.000040
epoch:97 0.7884  0.9250  0.9101  0.4237  0.7117  0.8076  0.5484  0.8491  0.8491  0.5086  0.7861  0.8743  0.1495  0.000040
epoch:98 0.7885  0.9226  0.9098  0.4018  0.7072  0.8100  0.5483  0.8492  0.8492  0.4921  0.7872  0.8747  0.1495  0.000040
epoch:99 0.7889  0.9247  0.9089  0.4169  0.7112  0.8064  0.5512  0.8502  0.8502  0.4957  0.7865  0.8736  0.1487  0.000040
epoch:100 0.7863  0.9245  0.9083  0.4281  0.7098  0.8038  0.5497  0.8479  0.8479  0.5136  0.7830  0.8738  0.1493  0.000040
epoch:101 0.7897  0.9281  0.9130  0.4006  0.7130  0.8066  0.5488  0.8509  0.8509  0.4921  0.7895  0.8727  0.1488  0.000040
epoch:102 0.7877  0.9248  0.9096  0.4116  0.7116  0.8024  0.5489  0.8483  0.8483  0.4871  0.7853  0.8727  0.1495  0.000040
epoch:103 0.7858  0.9221  0.9065  0.4145  0.7107  0.8027  0.5494  0.8471  0.8471  0.4921  0.7841  0.8706  0.1499  0.000040
epoch:104 0.7876  0.9228  0.9087  0.4120  0.7106  0.8064  0.5503  0.8482  0.8482  0.4907  0.7861  0.8718  0.1492  0.000040
epoch:105 0.7897  0.9279  0.9115  0.3984  0.7176  0.8050  0.5521  0.8522  0.8522  0.4871  0.7950  0.8730  0.1494  0.000040
epoch:106 0.7873  0.9249  0.9089  0.4095  0.7103  0.8054  0.5480  0.8481  0.8481  0.4871  0.7844  0.8738  0.1492  0.000040
epoch:107 0.7876  0.9238  0.9112  0.3984  0.7101  0.8057  0.5496  0.8499  0.8499  0.4886  0.7894  0.8735  0.1486  0.000040
epoch:108 0.7885  0.9260  0.9073  0.3998  0.7155  0.8033  0.5511  0.8509  0.8509  0.4886  0.7904  0.8737  0.1481  0.000040
epoch:109 0.7868  0.9226  0.9066  0.4145  0.7146  0.8048  0.5483  0.8481  0.8481  0.4921  0.7887  0.8729  0.1493  0.000040
epoch:110 0.7871  0.9252  0.9094  0.4166  0.7089  0.8058  0.5504  0.8492  0.8492  0.4921  0.7862  0.8739  0.1500  0.000040
epoch:111 0.7898  0.9259  0.9101  0.4166  0.7117  0.8079  0.5492  0.8512  0.8512  0.4921  0.7887  0.8748  0.1491  0.000040
epoch:112 0.7895  0.9235  0.9121  0.4006  0.7094  0.8093  0.5507  0.8509  0.8509  0.4921  0.7889  0.8754  0.1493  0.000040
epoch:113 0.7890  0.9239  0.9117  0.4145  0.7110  0.8064  0.5502  0.8503  0.8503  0.4921  0.7870  0.8739  0.1496  0.000040
epoch:114 0.7878  0.9220  0.9070  0.4007  0.7093  0.8066  0.5504  0.8506  0.8506  0.4921  0.7881  0.8746  0.1487  0.000040
epoch:115 0.7927  0.9283  0.9138  0.4048  0.7148  0.8101  0.5516  0.8532  0.8532  0.4921  0.7911  0.8753  0.1491  0.000040
epoch:116 0.7900  0.9285  0.9105  0.4145  0.7148  0.8067  0.5504  0.8510  0.8510  0.4921  0.7888  0.8737  0.1488  0.000040
epoch:117 0.7866  0.9244  0.9060  0.3882  0.7116  0.8055  0.5508  0.8488  0.8488  0.4671  0.7870  0.8729  0.1480  0.000040
epoch:118 0.7901  0.9246  0.9096  0.3971  0.7122  0.8100  0.5496  0.8518  0.8518  0.4886  0.7878  0.8767  0.1488  0.000040
epoch:119 0.7886  0.9260  0.9111  0.4063  0.7171  0.8038  0.5529  0.8511  0.8511  0.4971  0.7921  0.8728  0.1484  0.000040
epoch:120 0.7896  0.9262  0.9105  0.3793  0.7128  0.8088  0.5515  0.8514  0.8514  0.4707  0.7887  0.8745  0.1476  0.000040
epoch:121 0.7896  0.9255  0.9114  0.4044  0.7117  0.8071  0.5522  0.8526  0.8526  0.4957  0.7904  0.8746  0.1484  0.000040
epoch:122 0.7897  0.9251  0.9113  0.4043  0.7097  0.8108  0.5487  0.8506  0.8506  0.4957  0.7869  0.8749  0.1488  0.000040
epoch:123 0.7857  0.9221  0.9056  0.3999  0.7119  0.8044  0.5501  0.8461  0.8461  0.4886  0.7835  0.8721  0.1488  0.000040
epoch:124 0.7841  0.9214  0.9066  0.4131  0.7121  0.8015  0.5494  0.8453  0.8453  0.4886  0.7871  0.8711  0.1485  0.000040
epoch:125 0.7852  0.9216  0.9117  0.4083  0.7112  0.8053  0.5497  0.8491  0.8491  0.4871  0.7873  0.8730  0.1488  0.000040
epoch:126 0.7883  0.9261  0.9111  0.3845  0.7149  0.8065  0.5522  0.8497  0.8497  0.4621  0.7908  0.8728  0.1478  0.000040
epoch:127 0.7890  0.9239  0.9117  0.4169  0.7106  0.8060  0.5492  0.8511  0.8511  0.4957  0.7873  0.8754  0.1489  0.000040
epoch:128 0.7920  0.9263  0.9134  0.3923  0.7152  0.8114  0.5501  0.8527  0.8527  0.4886  0.7907  0.8753  0.1478  0.000040
epoch:129 0.7872  0.9241  0.9061  0.4010  0.7133  0.8058  0.5510  0.8490  0.8490  0.4886  0.7878  0.8721  0.1485  0.000040
epoch:130 0.7852  0.9219  0.9078  0.4145  0.7087  0.8027  0.5501  0.8484  0.8484  0.4921  0.7830  0.8726  0.1486  0.000040
epoch:131 0.7893  0.9267  0.9114  0.4083  0.7166  0.8062  0.5528  0.8525  0.8525  0.4871  0.7931  0.8749  0.1485  0.000040
epoch:132 0.7873  0.9232  0.9098  0.3833  0.7139  0.8046  0.5518  0.8499  0.8499  0.4621  0.7898  0.8725  0.1468  0.000040
epoch:133 0.7878  0.9244  0.9092  0.3882  0.7148  0.8040  0.5503  0.8501  0.8501  0.4671  0.7894  0.8739  0.1477  0.000040
epoch:134 0.7900  0.9263  0.9118  0.4068  0.7106  0.8089  0.5494  0.8510  0.8510  0.4802  0.7894  0.8745  0.1479  0.000040
epoch:135 0.7880  0.9258  0.9127  0.3956  0.7104  0.8056  0.5510  0.8496  0.8496  0.4871  0.7889  0.8730  0.1477  0.000040
epoch:136 0.7863  0.9238  0.9097  0.3833  0.7150  0.8023  0.5475  0.8488  0.8488  0.4621  0.7896  0.8720  0.1480  0.000040
epoch:137 0.7852  0.9239  0.9088  0.4046  0.7108  0.8020  0.5507  0.8470  0.8470  0.4957  0.7887  0.8679  0.1475  0.000040
epoch:138 0.7888  0.9264  0.9144  0.4120  0.7145  0.8059  0.5501  0.8510  0.8510  0.4907  0.7911  0.8732  0.1479  0.000040
epoch:139 0.7893  0.9283  0.9134  0.4026  0.7138  0.8087  0.5506  0.8506  0.8506  0.4871  0.7909  0.8727  0.1470  0.000040
epoch:140 0.7891  0.9277  0.9115  0.4132  0.7126  0.8057  0.5505  0.8508  0.8508  0.4907  0.7895  0.8726  0.1480  0.000040
epoch:141 0.7868  0.9255  0.9097  0.4095  0.7141  0.8020  0.5509  0.8490  0.8490  0.4871  0.7892  0.8702  0.1485  0.000040
epoch:142 0.7858  0.9234  0.9090  0.4095  0.7126  0.8003  0.5489  0.8485  0.8485  0.4871  0.7882  0.8718  0.1481  0.000040
epoch:143 0.7849  0.9211  0.9066  0.3933  0.7113  0.8000  0.5496  0.8465  0.8465  0.4836  0.7857  0.8698  0.1478  0.000040
epoch:144 0.7874  0.9218  0.9075  0.4095  0.7090  0.8064  0.5489  0.8502  0.8502  0.4871  0.7881  0.8736  0.1474  0.000040
epoch:145 0.7883  0.9261  0.9111  0.3934  0.7132  0.8044  0.5476  0.8493  0.8493  0.4871  0.7878  0.8740  0.1475  0.000040
epoch:146 0.7877  0.9243  0.9116  0.4095  0.7112  0.8076  0.5483  0.8495  0.8495  0.4871  0.7890  0.8724  0.1478  0.000040
epoch:147 0.7885  0.9253  0.9128  0.3956  0.7125  0.8063  0.5519  0.8511  0.8511  0.4871  0.7903  0.8734  0.1469  0.000040
epoch:148 0.7850  0.9236  0.9073  0.4083  0.7107  0.8022  0.5517  0.8478  0.8478  0.4871  0.7845  0.8731  0.1471  0.000040
epoch:149 0.7878  0.9247  0.9109  0.4095  0.7120  0.8075  0.5498  0.8514  0.8514  0.4871  0.7928  0.8725  0.1471  0.000040
epoch:150 0.7894  0.9259  0.9117  0.3865  0.7093  0.8087  0.5500  0.8515  0.8515  0.4871  0.7868  0.8752  0.1466  0.000040
epoch:151 0.7858  0.9226  0.9041  0.4031  0.7123  0.8039  0.5502  0.8475  0.8475  0.4886  0.7854  0.8735  0.1470  0.000040
epoch:152 0.7843  0.9247  0.9098  0.4083  0.7088  0.8037  0.5475  0.8474  0.8474  0.4871  0.7860  0.8717  0.1469  0.000040
epoch:153 0.7807  0.9171  0.9058  0.3786  0.7105  0.7975  0.5493  0.8440  0.8440  0.4621  0.7837  0.8682  0.1469  0.000040
epoch:154 0.7855  0.9222  0.9053  0.3895  0.7149  0.8024  0.5484  0.8479  0.8479  0.4671  0.7886  0.8726  0.1459  0.000040
epoch:155 0.7858  0.9206  0.9059  0.4048  0.7063  0.8062  0.5498  0.8494  0.8494  0.4836  0.7858  0.8741  0.1474  0.000040
epoch:156 0.7865  0.9223  0.9083  0.3998  0.7112  0.8046  0.5514  0.8502  0.8502  0.4871  0.7891  0.8735  0.1463  0.000040
epoch:157 0.7878  0.9270  0.9126  0.3998  0.7129  0.8053  0.5516  0.8497  0.8497  0.4871  0.7893  0.8722  0.1460  0.000040
epoch:158 0.7883  0.9217  0.9088  0.3756  0.7136  0.8050  0.5497  0.8499  0.8499  0.4671  0.7875  0.8740  0.1471  0.000040
epoch:159 0.7895  0.9249  0.9083  0.3691  0.7123  0.8081  0.5510  0.8526  0.8526  0.4621  0.7899  0.8770  0.1473  0.000040
epoch:160 0.7841  0.9228  0.9064  0.4097  0.7068  0.8016  0.5492  0.8471  0.8471  0.4907  0.7838  0.8725  0.1461  0.000040
epoch:161 0.7864  0.9226  0.9091  0.4132  0.7123  0.8041  0.5495  0.8498  0.8498  0.4907  0.7906  0.8726  0.1467  0.000040
epoch:162 0.7866  0.9213  0.9090  0.4090  0.7122  0.8028  0.5496  0.8497  0.8497  0.4838  0.7876  0.8736  0.1474  0.000040
epoch:163 0.7874  0.9260  0.9100  0.4068  0.7152  0.8024  0.5522  0.8487  0.8487  0.4871  0.7875  0.8710  0.1465  0.000040
epoch:164 0.7858  0.9236  0.9104  0.4083  0.7129  0.8039  0.5491  0.8484  0.8484  0.4871  0.7870  0.8725  0.1468  0.000040
epoch:165 0.7852  0.9227  0.9064  0.3805  0.7051  0.8060  0.5468  0.8465  0.8465  0.4552  0.7809  0.8730  0.1467  0.000040
epoch:166 0.7905  0.9252  0.9122  0.3972  0.7164  0.8078  0.5503  0.8523  0.8523  0.4836  0.7922  0.8743  0.1462  0.000040
epoch:167 0.7864  0.9233  0.9072  0.4068  0.7113  0.8068  0.5517  0.8497  0.8497  0.4871  0.7883  0.8728  0.1462  0.000040
epoch:168 0.7845  0.9223  0.9089  0.3862  0.7093  0.8015  0.5485  0.8480  0.8480  0.4624  0.7863  0.8721  0.1464  0.000040
epoch:169 0.7839  0.9209  0.9067  0.4095  0.7101  0.8025  0.5471  0.8465  0.8465  0.4871  0.7846  0.8713  0.1464  0.000040
epoch:170 0.7840  0.9211  0.9084  0.4083  0.7076  0.8046  0.5499  0.8488  0.8488  0.4871  0.7890  0.8724  0.1462  0.000040
epoch:171 0.7875  0.9224  0.9098  0.3833  0.7129  0.8054  0.5485  0.8489  0.8489  0.4621  0.7880  0.8731  0.1470  0.000040
epoch:172 0.7839  0.9197  0.9034  0.3776  0.7103  0.8002  0.5498  0.8458  0.8458  0.4538  0.7834  0.8708  0.1464  0.000040
epoch:173 0.7852  0.9209  0.9049  0.3810  0.7107  0.8036  0.5494  0.8462  0.8462  0.4621  0.7844  0.8712  0.1472  0.000040
epoch:174 0.7864  0.9244  0.9106  0.3991  0.7129  0.8019  0.5521  0.8499  0.8499  0.4871  0.7900  0.8723  0.1465  0.000040
epoch:175 0.7867  0.9245  0.9114  0.3991  0.7114  0.8035  0.5513  0.8493  0.8493  0.4871  0.7887  0.8708  0.1463  0.000040
epoch:176 0.7877  0.9234  0.9102  0.3684  0.7165  0.8049  0.5506  0.8502  0.8502  0.4621  0.7911  0.8739  0.1458  0.000040
epoch:177 0.7852  0.9216  0.9085  0.4083  0.7099  0.8056  0.5495  0.8469  0.8469  0.4871  0.7873  0.8705  0.1461  0.000040
epoch:178 0.7889  0.9260  0.9130  0.3899  0.7149  0.8048  0.5499  0.8509  0.8509  0.4836  0.7911  0.8731  0.1457  0.000040
epoch:179 0.7833  0.9201  0.9066  0.3845  0.7092  0.8021  0.5481  0.8456  0.8456  0.4621  0.7832  0.8728  0.1452  0.000040
epoch:180 0.7836  0.9204  0.9041  0.3833  0.7104  0.7994  0.5497  0.8473  0.8473  0.4621  0.7857  0.8712  0.1459  0.000040
epoch:181 0.7881  0.9240  0.9093  0.3771  0.7130  0.8071  0.5486  0.8494  0.8494  0.4707  0.7885  0.8741  0.1453  0.000040
epoch:182 0.7794  0.9193  0.9026  0.3950  0.7100  0.7955  0.5467  0.8415  0.8415  0.4836  0.7801  0.8675  0.1458  0.000040
epoch:183 0.7843  0.9217  0.9071  0.4083  0.7134  0.8019  0.5496  0.8475  0.8475  0.4871  0.7879  0.8702  0.1459  0.000040
epoch:184 0.7823  0.9187  0.9056  0.3833  0.7124  0.7987  0.5501  0.8456  0.8456  0.4621  0.7849  0.8706  0.1456  0.000040
epoch:185 0.7861  0.9210  0.9080  0.4060  0.7131  0.8051  0.5503  0.8491  0.8491  0.4871  0.7882  0.8739  0.1459  0.000040
epoch:186 0.7857  0.9239  0.9113  0.3811  0.7117  0.8024  0.5506  0.8478  0.8478  0.4586  0.7879  0.8710  0.1452  0.000040
epoch:187 0.7867  0.9244  0.9103  0.3998  0.7121  0.8036  0.5501  0.8490  0.8490  0.4871  0.7897  0.8723  0.1455  0.000040
epoch:188 0.7808  0.9185  0.9018  0.3833  0.7107  0.7964  0.5484  0.8423  0.8423  0.4621  0.7837  0.8674  0.1456  0.000040
epoch:189 0.7877  0.9237  0.9104  0.3776  0.7152  0.8060  0.5489  0.8504  0.8504  0.4586  0.7911  0.8732  0.1450  0.000040
epoch:190 0.7847  0.9209  0.9077  0.3776  0.7106  0.8028  0.5481  0.8482  0.8482  0.4586  0.7882  0.8713  0.1455  0.000040
epoch:191 0.7837  0.9231  0.9033  0.3790  0.7101  0.8005  0.5498  0.8466  0.8466  0.4538  0.7862  0.8685  0.1451  0.000040
epoch:192 0.7835  0.9196  0.9031  0.4060  0.7055  0.8037  0.5470  0.8451  0.8451  0.4871  0.7801  0.8732  0.1452  0.000040
epoch:193 0.7856  0.9240  0.9078  0.3810  0.7129  0.8046  0.5510  0.8487  0.8487  0.4621  0.7885  0.8714  0.1458  0.000040
epoch:194 0.7819  0.9202  0.9068  0.3810  0.7108  0.7973  0.5503  0.8461  0.8461  0.4621  0.7858  0.8700  0.1448  0.000040
epoch:195 0.7845  0.9217  0.9085  0.3810  0.7157  0.7992  0.5501  0.8477  0.8477  0.4621  0.7892  0.8709  0.1459  0.000040
epoch:196 0.7840  0.9214  0.9048  0.3833  0.7114  0.8001  0.5500  0.8470  0.8470  0.4621  0.7863  0.8703  0.1449  0.000040
epoch:197 0.7837  0.9217  0.9049  0.3810  0.7107  0.8024  0.5470  0.8471  0.8471  0.4621  0.7856  0.8717  0.1454  0.000040
epoch:198 0.7868  0.9251  0.9087  0.3810  0.7141  0.8022  0.5506  0.8496  0.8496  0.4621  0.7919  0.8710  0.1452  0.000040
epoch:199 0.7864  0.9225  0.9099  0.4055  0.7125  0.8033  0.5494  0.8498  0.8498  0.4824  0.7907  0.8721  0.1449  0.000040
