epoch:0 0.5713  0.8704  0.6927  0.2322  0.5554  0.5644  0.4149  0.7005  0.7013  0.4052  0.6895  0.7144  1.3481  0.004000
epoch:1 0.7111  0.9237  0.8859  0.2408  0.6453  0.7133  0.4930  0.7976  0.7979  0.4455  0.7397  0.8230  0.3990  0.004000
epoch:2 0.7595  0.9315  0.9109  0.3325  0.7099  0.7579  0.5322  0.8341  0.8341  0.4629  0.7850  0.8498  0.3160  0.004000
epoch:3 0.7260  0.9124  0.9006  0.3341  0.6631  0.7433  0.5068  0.8016  0.8016  0.3986  0.7586  0.8239  0.2817  0.004000
epoch:4 0.7513  0.9191  0.9063  0.3784  0.6877  0.7638  0.5241  0.8209  0.8209  0.4610  0.7776  0.8362  0.2592  0.004000
epoch:5 0.7825  0.9368  0.9214  0.4196  0.6935  0.8015  0.5351  0.8463  0.8463  0.4779  0.7753  0.8723  0.2454  0.004000
epoch:6 0.7653  0.9234  0.9081  0.4050  0.6815  0.7852  0.5309  0.8305  0.8305  0.4750  0.7662  0.8577  0.2311  0.004000
epoch:7 0.7834  0.9375  0.9272  0.4001  0.6928  0.8078  0.5387  0.8476  0.8476  0.4871  0.7827  0.8780  0.2231  0.004000
epoch:8 0.7620  0.9319  0.9157  0.3641  0.6846  0.7739  0.5246  0.8289  0.8289  0.4605  0.7771  0.8522  0.2131  0.004000
epoch:9 0.7682  0.9243  0.9092  0.4307  0.6822  0.7890  0.5301  0.8349  0.8349  0.5193  0.7754  0.8605  0.2059  0.004000
epoch:10 0.7778  0.9236  0.9072  0.4323  0.6845  0.8050  0.5359  0.8438  0.8438  0.4907  0.7746  0.8719  0.1993  0.004000
epoch:11 0.7804  0.9273  0.9101  0.4424  0.6756  0.8155  0.5403  0.8443  0.8443  0.5357  0.7687  0.8768  0.1946  0.004000
epoch:12 0.7858  0.9296  0.9137  0.4020  0.6915  0.8150  0.5440  0.8489  0.8489  0.4657  0.7785  0.8764  0.1932  0.004000
epoch:13 0.7758  0.9197  0.9034  0.4008  0.6786  0.8010  0.5309  0.8398  0.8398  0.4726  0.7648  0.8711  0.1846  0.004000
epoch:14 0.7774  0.9395  0.9246  0.4028  0.6944  0.7902  0.5352  0.8387  0.8387  0.4393  0.7757  0.8609  0.1829  0.004000
epoch:15 0.7914  0.9283  0.9129  0.3965  0.6888  0.8211  0.5487  0.8528  0.8528  0.4798  0.7788  0.8811  0.1810  0.004000
epoch:16 0.7966  0.9341  0.9173  0.4253  0.6916  0.8245  0.5507  0.8601  0.8601  0.4440  0.7883  0.8889  0.1668  0.000400
epoch:17 0.7960  0.9339  0.9183  0.4271  0.6907  0.8223  0.5494  0.8603  0.8603  0.4721  0.7874  0.8916  0.1633  0.000400
epoch:18 0.7933  0.9328  0.9162  0.4327  0.6867  0.8191  0.5491  0.8567  0.8567  0.4700  0.7840  0.8875  0.1614  0.000400
epoch:19 0.7939  0.9316  0.9171  0.4302  0.6893  0.8214  0.5482  0.8583  0.8583  0.4736  0.7837  0.8884  0.1590  0.000400
