epoch:0 0.6153  0.8697  0.6830  0.0559  0.5058  0.6817  0.4349  0.7391  0.7411  0.3014  0.6982  0.7640  1.3481  0.004000
epoch:1 0.7308  0.9238  0.8781  0.0882  0.5925  0.8001  0.4984  0.8113  0.8116  0.3757  0.7467  0.8414  0.3990  0.004000
epoch:2 0.7428  0.9317  0.9019  0.1124  0.6436  0.7915  0.5110  0.8106  0.8106  0.3362  0.7528  0.8320  0.3160  0.004000
epoch:3 0.7330  0.9124  0.8868  0.1243  0.6217  0.7812  0.5052  0.8033  0.8033  0.2664  0.7494  0.8286  0.2817  0.004000
epoch:4 0.7597  0.9191  0.9077  0.1724  0.6496  0.8068  0.5221  0.8229  0.8229  0.3486  0.7642  0.8446  0.2592  0.004000
epoch:5 0.7569  0.9368  0.9193  0.2044  0.6381  0.8105  0.5132  0.8174  0.8174  0.3621  0.7466  0.8477  0.2454  0.004000
epoch:6 0.7510  0.9234  0.9049  0.1820  0.6361  0.8072  0.5130  0.8107  0.8107  0.3507  0.7455  0.8427  0.2311  0.004000
epoch:7 0.7764  0.9375  0.9196  0.1654  0.6535  0.8355  0.5255  0.8345  0.8345  0.3214  0.7637  0.8693  0.2231  0.004000
epoch:8 0.7704  0.9321  0.9146  0.2043  0.6502  0.8240  0.5231  0.8316  0.8316  0.3512  0.7669  0.8609  0.2131  0.004000
epoch:9 0.7615  0.9243  0.9072  0.1729  0.6408  0.8152  0.5169  0.8188  0.8188  0.3786  0.7551  0.8505  0.2059  0.004000
epoch:10 0.7612  0.9237  0.9044  0.2048  0.6446  0.8205  0.5176  0.8224  0.8224  0.3579  0.7580  0.8563  0.1993  0.004000
epoch:11 0.7665  0.9273  0.9060  0.2207  0.6342  0.8312  0.5260  0.8264  0.8264  0.3843  0.7468  0.8638  0.1946  0.004000
epoch:12 0.7749  0.9296  0.9130  0.2354  0.6515  0.8313  0.5290  0.8317  0.8317  0.3629  0.7590  0.8639  0.1932  0.004000
epoch:13 0.7652  0.9195  0.9024  0.2167  0.6451  0.8231  0.5161  0.8236  0.8236  0.3614  0.7585  0.8575  0.1846  0.004000
epoch:14 0.7760  0.9410  0.9261  0.2309  0.6591  0.8297  0.5267  0.8316  0.8316  0.3236  0.7728  0.8620  0.1829  0.004000
epoch:15 0.7748  0.9283  0.9133  0.2371  0.6524  0.8293  0.5309  0.8303  0.8303  0.3814  0.7649  0.8605  0.1810  0.004000
epoch:16 0.7772  0.9341  0.9200  0.2530  0.6510  0.8360  0.5321  0.8364  0.8364  0.3464  0.7679  0.8671  0.1668  0.000400
epoch:17 0.7740  0.9339  0.9157  0.2405  0.6445  0.8344  0.5281  0.8343  0.8343  0.3550  0.7660  0.8685  0.1633  0.000400
epoch:18 0.7747  0.9328  0.9147  0.2554  0.6454  0.8340  0.5298  0.8336  0.8336  0.3679  0.7636  0.8681  0.1614  0.000400
epoch:19 0.7728  0.9316  0.9162  0.2627  0.6514  0.8304  0.5277  0.8323  0.8323  0.3836  0.7663  0.8642  0.1590  0.000400
