epoch:0 0.6967  0.8807  0.8539  0.0805  0.5181  0.7556  0.4863  0.8137  0.8141  0.3455  0.7660  0.8386  1.1745  0.004000
epoch:1 0.7320  0.8981  0.8714  0.1136  0.5949  0.7868  0.5084  0.8225  0.8225  0.2893  0.7734  0.8432  0.3762  0.004000
epoch:2 0.7355  0.8969  0.8717  0.1286  0.6078  0.7986  0.5142  0.8326  0.8326  0.3852  0.7762  0.8580  0.3022  0.004000
epoch:3 0.7523  0.9202  0.9044  0.2162  0.6420  0.7998  0.5191  0.8283  0.8283  0.3979  0.7743  0.8518  0.2742  0.004000
epoch:4 0.7668  0.9252  0.9060  0.1731  0.6377  0.8254  0.5309  0.8371  0.8371  0.3814  0.7596  0.8698  0.2494  0.004000
epoch:5 0.6829  0.8381  0.8179  0.1782  0.5782  0.7265  0.4829  0.7696  0.7696  0.3657  0.7162  0.7741  0.2404  0.004000
epoch:6 0.7655  0.9281  0.9111  0.2509  0.6470  0.8221  0.5260  0.8331  0.8331  0.4329  0.7672  0.8631  0.2310  0.004000
epoch:7 0.7564  0.9234  0.9054  0.2293  0.6447  0.8099  0.5231  0.8243  0.8243  0.4345  0.7554  0.8496  0.2171  0.004000
epoch:8 0.7434  0.9055  0.8896  0.1884  0.6371  0.8002  0.5154  0.8173  0.8173  0.3629  0.7599  0.8395  0.2090  0.004000
epoch:9 0.7641  0.9280  0.9081  0.2213  0.6530  0.8167  0.5251  0.8276  0.8276  0.3898  0.7600  0.8553  0.2038  0.004000
epoch:10 0.7593  0.9229  0.9024  0.1211  0.6464  0.8069  0.5190  0.8179  0.8179  0.3329  0.7611  0.8435  0.1943  0.004000
epoch:11 0.7555  0.9169  0.9004  0.2243  0.6461  0.8059  0.5239  0.8200  0.8200  0.3862  0.7544  0.8419  0.1917  0.004000
epoch:12 0.7618  0.9205  0.9042  0.2504  0.6472  0.8171  0.5206  0.8252  0.8252  0.4014  0.7525  0.8522  0.1842  0.004000
epoch:13 0.7666  0.9225  0.9099  0.1589  0.6644  0.8136  0.5274  0.8270  0.8270  0.4086  0.7658  0.8488  0.1822  0.004000
epoch:14 0.7675  0.9181  0.9077  0.2058  0.6561  0.8189  0.5326  0.8288  0.8288  0.4293  0.7627  0.8542  0.1834  0.004000
epoch:15 0.7554  0.9093  0.8898  0.2110  0.6470  0.8172  0.5219  0.8191  0.8191  0.3479  0.7492  0.8539  0.1746  0.004000
epoch:16 0.7701  0.9249  0.9109  0.2086  0.6544  0.8236  0.5318  0.8311  0.8311  0.3793  0.7560  0.8579  0.1635  0.000400
epoch:17 0.7745  0.9268  0.9119  0.1982  0.6645  0.8252  0.5329  0.8329  0.8329  0.3843  0.7648  0.8593  0.1601  0.000400
epoch:18 0.7662  0.9239  0.9084  0.2010  0.6546  0.8213  0.5279  0.8258  0.8258  0.3779  0.7539  0.8555  0.1589  0.000400
epoch:19 0.7672  0.9266  0.9077  0.1972  0.6579  0.8199  0.5273  0.8250  0.8250  0.3843  0.7546  0.8548  0.1569  0.000400
epoch:20 0.7669  0.9242  0.9088  0.1964  0.6546  0.8212  0.5282  0.8254  0.8254  0.3793  0.7584  0.8553  0.1567  0.000400
epoch:21 0.7645  0.9244  0.9068  0.1926  0.6551  0.8185  0.5253  0.8241  0.8241  0.3807  0.7542  0.8534  0.1557  0.000400
epoch:22 0.7682  0.9247  0.9070  0.1977  0.6598  0.8207  0.5275  0.8287  0.8287  0.3829  0.7589  0.8568  0.1541  0.000040
epoch:23 0.7683  0.9246  0.9101  0.1982  0.6603  0.8201  0.5287  0.8269  0.8269  0.3793  0.7587  0.8551  0.1529  0.000040
epoch:24 0.7706  0.9258  0.9112  0.1537  0.6622  0.8235  0.5278  0.8289  0.8289  0.3743  0.7620  0.8577  0.1539  0.000040
epoch:25 0.7680  0.9251  0.9056  0.1930  0.6621  0.8209  0.5284  0.8274  0.8274  0.3807  0.7588  0.8554  0.1535  0.000040
epoch:26 0.7694  0.9255  0.9086  0.2132  0.6566  0.8235  0.5296  0.8283  0.8283  0.3957  0.7593  0.8576  0.1548  0.000040
epoch:27 0.7672  0.9247  0.9077  0.1892  0.6577  0.8193  0.5266  0.8268  0.8268  0.3757  0.7592  0.8549  0.1538  0.000040
epoch:28 0.7698  0.9255  0.9065  0.2247  0.6609  0.8230  0.5284  0.8288  0.8288  0.4179  0.7602  0.8570  0.1538  0.000040
epoch:29 0.7694  0.9255  0.9078  0.2174  0.6587  0.8236  0.5260  0.8279  0.8279  0.4093  0.7584  0.8573  0.1524  0.000040
epoch:30 0.7687  0.9262  0.9087  0.1943  0.6621  0.8202  0.5288  0.8274  0.8274  0.3714  0.7596  0.8553  0.1537  0.000040
epoch:31 0.7677  0.9249  0.9097  0.1879  0.6616  0.8210  0.5275  0.8276  0.8276  0.3629  0.7594  0.8569  0.1535  0.000040
epoch:32 0.7685  0.9254  0.9084  0.1908  0.6626  0.8199  0.5286  0.8267  0.8267  0.3757  0.7580  0.8554  0.1530  0.000040
epoch:33 0.7706  0.9278  0.9107  0.1852  0.6653  0.8224  0.5293  0.8291  0.8291  0.3629  0.7622  0.8566  0.1529  0.000040
epoch:34 0.7716  0.9261  0.9128  0.1897  0.6614  0.8251  0.5301  0.8300  0.8300  0.3679  0.7613  0.8582  0.1534  0.000040
epoch:35 0.7698  0.9273  0.9124  0.1834  0.6599  0.8219  0.5291  0.8286  0.8286  0.3593  0.7600  0.8567  0.1531  0.000040
epoch:36 0.7680  0.9248  0.9074  0.1864  0.6588  0.8223  0.5282  0.8272  0.8272  0.3579  0.7567  0.8562  0.1528  0.000040
epoch:37 0.7724  0.9286  0.9136  0.1906  0.6607  0.8251  0.5310  0.8296  0.8296  0.3664  0.7588  0.8585  0.1525  0.000040
epoch:38 0.7696  0.9242  0.9105  0.1972  0.6604  0.8228  0.5283  0.8284  0.8284  0.3843  0.7611  0.8572  0.1533  0.000040
epoch:39 0.7668  0.9228  0.9059  0.2185  0.6628  0.8186  0.5292  0.8265  0.8265  0.3993  0.7602  0.8540  0.1527  0.000040
epoch:40 0.7692  0.9252  0.9098  0.1949  0.6619  0.8221  0.5313  0.8287  0.8287  0.3757  0.7624  0.8563  0.1533  0.000040
epoch:41 0.7703  0.9260  0.9113  0.2246  0.6541  0.8227  0.5316  0.8282  0.8282  0.4043  0.7543  0.8573  0.1526  0.000040
epoch:42 0.7695  0.9253  0.9086  0.1892  0.6635  0.8178  0.5311  0.8280  0.8280  0.3629  0.7634  0.8531  0.1523  0.000040
epoch:43 0.7680  0.9252  0.9069  0.2260  0.6589  0.8215  0.5304  0.8284  0.8284  0.4129  0.7584  0.8563  0.1529  0.000040
epoch:44 0.7670  0.9227  0.9084  0.2047  0.6651  0.8175  0.5300  0.8246  0.8246  0.3879  0.7576  0.8520  0.1528  0.000040
epoch:45 0.7695  0.9255  0.9122  0.1894  0.6641  0.8226  0.5290  0.8294  0.8294  0.3629  0.7632  0.8568  0.1528  0.000040
epoch:46 0.7704  0.9246  0.9112  0.1907  0.6581  0.8246  0.5293  0.8294  0.8294  0.3629  0.7557  0.8585  0.1522  0.000040
epoch:47 0.7683  0.9262  0.9110  0.1897  0.6623  0.8215  0.5286  0.8270  0.8270  0.3629  0.7563  0.8568  0.1525  0.000040
epoch:48 0.7694  0.9257  0.9102  0.1894  0.6635  0.8226  0.5275  0.8284  0.8284  0.3614  0.7608  0.8575  0.1529  0.000040
epoch:49 0.7705  0.9247  0.9137  0.1847  0.6628  0.8239  0.5282  0.8282  0.8282  0.3593  0.7592  0.8578  0.1519  0.000040
epoch:50 0.7700  0.9274  0.9109  0.1869  0.6619  0.8214  0.5311  0.8293  0.8293  0.3593  0.7600  0.8568  0.1514  0.000040
epoch:51 0.7695  0.9259  0.9106  0.1920  0.6659  0.8215  0.5284  0.8279  0.8279  0.3807  0.7606  0.8565  0.1517  0.000040
epoch:52 0.7695  0.9263  0.9115  0.1854  0.6663  0.8221  0.5292  0.8283  0.8283  0.3493  0.7613  0.8575  0.1519  0.000040
epoch:53 0.7701  0.9259  0.9074  0.1995  0.6634  0.8225  0.5300  0.8290  0.8290  0.3793  0.7589  0.8566  0.1519  0.000040
epoch:54 0.7701  0.9279  0.9074  0.1864  0.6651  0.8218  0.5299  0.8289  0.8289  0.3629  0.7604  0.8569  0.1522  0.000040
epoch:55 0.7695  0.9257  0.9114  0.1985  0.6635  0.8206  0.5294  0.8275  0.8275  0.3779  0.7616  0.8559  0.1517  0.000040
epoch:56 0.7684  0.9253  0.9117  0.1850  0.6661  0.8209  0.5281  0.8283  0.8283  0.3629  0.7607  0.8564  0.1518  0.000040
epoch:57 0.7702  0.9266  0.9133  0.1904  0.6628  0.8241  0.5293  0.8296  0.8296  0.3579  0.7602  0.8584  0.1516  0.000040
epoch:58 0.7696  0.9265  0.9079  0.1932  0.6603  0.8229  0.5313  0.8270  0.8270  0.3843  0.7566  0.8566  0.1510  0.000040
epoch:59 0.7679  0.9256  0.9078  0.1846  0.6658  0.8192  0.5304  0.8277  0.8277  0.3593  0.7600  0.8555  0.1521  0.000040
epoch:60 0.7716  0.9256  0.9088  0.2113  0.6685  0.8234  0.5319  0.8297  0.8297  0.3879  0.7620  0.8583  0.1515  0.000040
epoch:61 0.7702  0.9257  0.9108  0.1861  0.6646  0.8235  0.5279  0.8293  0.8293  0.3743  0.7607  0.8589  0.1517  0.000040
epoch:62 0.7697  0.9250  0.9109  0.1763  0.6568  0.8238  0.5304  0.8287  0.8287  0.4064  0.7601  0.8573  0.1514  0.000040
epoch:63 0.7705  0.9262  0.9129  0.1886  0.6645  0.8230  0.5316  0.8288  0.8288  0.3629  0.7608  0.8567  0.1514  0.000040
epoch:64 0.7706  0.9274  0.9143  0.1863  0.6658  0.8230  0.5313  0.8305  0.8305  0.3629  0.7636  0.8574  0.1515  0.000040
epoch:65 0.7710  0.9268  0.9102  0.1955  0.6698  0.8221  0.5299  0.8285  0.8285  0.3714  0.7619  0.8570  0.1511  0.000040
epoch:66 0.7695  0.9270  0.9134  0.1866  0.6667  0.8195  0.5302  0.8269  0.8269  0.3593  0.7595  0.8549  0.1519  0.000040
epoch:67 0.7671  0.9235  0.9099  0.1932  0.6645  0.8219  0.5296  0.8266  0.8266  0.3643  0.7585  0.8554  0.1511  0.000040
epoch:68 0.7691  0.9283  0.9116  0.1846  0.6643  0.8221  0.5317  0.8283  0.8283  0.3643  0.7590  0.8567  0.1518  0.000040
epoch:69 0.7709  0.9269  0.9122  0.1942  0.6673  0.8225  0.5310  0.8281  0.8281  0.3629  0.7606  0.8566  0.1511  0.000040
epoch:70 0.7694  0.9242  0.9100  0.2214  0.6633  0.8231  0.5303  0.8271  0.8271  0.4043  0.7584  0.8576  0.1514  0.000040
epoch:71 0.7692  0.9264  0.9111  0.1844  0.6669  0.8217  0.5268  0.8281  0.8281  0.3643  0.7616  0.8568  0.1515  0.000040
epoch:72 0.7728  0.9292  0.9159  0.1741  0.6688  0.8232  0.5300  0.8297  0.8297  0.3629  0.7648  0.8571  0.1512  0.000040
epoch:73 0.7705  0.9248  0.9119  0.1848  0.6669  0.8222  0.5320  0.8288  0.8288  0.3593  0.7610  0.8565  0.1503  0.000040
epoch:74 0.7704  0.9238  0.9107  0.1727  0.6609  0.8245  0.5298  0.8300  0.8300  0.3593  0.7584  0.8593  0.1515  0.000040
epoch:75 0.7698  0.9243  0.9135  0.1978  0.6640  0.8229  0.5304  0.8283  0.8283  0.3714  0.7631  0.8568  0.1507  0.000040
epoch:76 0.7660  0.9223  0.9079  0.2224  0.6620  0.8158  0.5306  0.8227  0.8227  0.4079  0.7559  0.8497  0.1506  0.000040
epoch:77 0.7679  0.9239  0.9091  0.1903  0.6661  0.8197  0.5296  0.8262  0.8262  0.3679  0.7607  0.8548  0.1509  0.000040
epoch:78 0.7694  0.9261  0.9117  0.1887  0.6659  0.8207  0.5320  0.8282  0.8282  0.3629  0.7612  0.8561  0.1507  0.000040
epoch:79 0.7679  0.9259  0.9110  0.1925  0.6624  0.8203  0.5285  0.8258  0.8258  0.3593  0.7570  0.8554  0.1500  0.000040
epoch:80 0.7691  0.9242  0.9119  0.1664  0.6654  0.8208  0.5328  0.8282  0.8282  0.4079  0.7613  0.8556  0.1505  0.000040
epoch:81 0.7694  0.9264  0.9119  0.2209  0.6660  0.8221  0.5303  0.8278  0.8278  0.4129  0.7595  0.8561  0.1502  0.000040
epoch:82 0.7708  0.9274  0.9123  0.1954  0.6661  0.8225  0.5322  0.8295  0.8295  0.3843  0.7604  0.8578  0.1502  0.000040
epoch:83 0.7680  0.9258  0.9107  0.1843  0.6653  0.8208  0.5315  0.8256  0.8256  0.3543  0.7599  0.8534  0.1501  0.000040
epoch:84 0.7714  0.9284  0.9151  0.1827  0.6662  0.8229  0.5294  0.8293  0.8293  0.3579  0.7621  0.8564  0.1503  0.000040
epoch:85 0.7695  0.9266  0.9119  0.1886  0.6697  0.8196  0.5310  0.8277  0.8277  0.3579  0.7617  0.8547  0.1503  0.000040
epoch:86 0.7703  0.9264  0.9122  0.1971  0.6644  0.8233  0.5324  0.8289  0.8289  0.3793  0.7615  0.8571  0.1500  0.000040
epoch:87 0.7702  0.9264  0.9151  0.1845  0.6652  0.8228  0.5305  0.8285  0.8285  0.3593  0.7601  0.8561  0.1500  0.000040
epoch:88 0.7706  0.9260  0.9124  0.1846  0.6654  0.8239  0.5312  0.8299  0.8299  0.3629  0.7624  0.8573  0.1499  0.000040
epoch:89 0.7686  0.9259  0.9095  0.1906  0.6624  0.8221  0.5296  0.8281  0.8281  0.3729  0.7597  0.8577  0.1497  0.000040
epoch:90 0.7683  0.9260  0.9109  0.1891  0.6652  0.8198  0.5282  0.8274  0.8274  0.3593  0.7601  0.8548  0.1494  0.000040
epoch:91 0.7674  0.9242  0.9098  0.1905  0.6653  0.8180  0.5322  0.8243  0.8243  0.3643  0.7566  0.8518  0.1498  0.000040
epoch:92 0.7678  0.9244  0.9100  0.1979  0.6611  0.8202  0.5289  0.8257  0.8257  0.3857  0.7565  0.8555  0.1501  0.000040
epoch:93 0.7674  0.9251  0.9123  0.1420  0.6616  0.8213  0.5287  0.8276  0.8276  0.3493  0.7609  0.8567  0.1505  0.000040
epoch:94 0.7695  0.9255  0.9120  0.1481  0.6645  0.8231  0.5305  0.8286  0.8286  0.3543  0.7599  0.8571  0.1500  0.000040
epoch:95 0.7711  0.9278  0.9150  0.1852  0.6659  0.8236  0.5318  0.8301  0.8301  0.3593  0.7645  0.8568  0.1503  0.000040
epoch:96 0.7705  0.9255  0.9127  0.1818  0.6667  0.8223  0.5315  0.8274  0.8274  0.3543  0.7603  0.8573  0.1496  0.000040
epoch:97 0.7686  0.9250  0.9104  0.1951  0.6648  0.8219  0.5285  0.8261  0.8261  0.3843  0.7575  0.8563  0.1495  0.000040
epoch:98 0.7677  0.9226  0.9098  0.1480  0.6608  0.8233  0.5293  0.8269  0.8269  0.3629  0.7599  0.8574  0.1495  0.000040
epoch:99 0.7689  0.9247  0.9102  0.1890  0.6643  0.8227  0.5320  0.8273  0.8273  0.3593  0.7573  0.8567  0.1487  0.000040
epoch:100 0.7686  0.9244  0.9096  0.1919  0.6657  0.8226  0.5310  0.8269  0.8269  0.3793  0.7579  0.8571  0.1493  0.000040
epoch:101 0.7700  0.9281  0.9095  0.1732  0.6638  0.8220  0.5290  0.8280  0.8280  0.3579  0.7588  0.8563  0.1488  0.000040
epoch:102 0.7688  0.9248  0.9096  0.1879  0.6636  0.8220  0.5295  0.8267  0.8267  0.3593  0.7574  0.8564  0.1495  0.000040
epoch:103 0.7671  0.9221  0.9091  0.2014  0.6645  0.8191  0.5314  0.8257  0.8257  0.3843  0.7581  0.8538  0.1499  0.000040
epoch:104 0.7682  0.9228  0.9127  0.2156  0.6656  0.8198  0.5312  0.8263  0.8263  0.3793  0.7591  0.8544  0.1492  0.000040
epoch:105 0.7708  0.9279  0.9147  0.1869  0.6697  0.8200  0.5324  0.8293  0.8293  0.3543  0.7648  0.8556  0.1494  0.000040
epoch:106 0.7682  0.9249  0.9098  0.1860  0.6625  0.8228  0.5282  0.8255  0.8255  0.3593  0.7562  0.8566  0.1492  0.000040
epoch:107 0.7690  0.9238  0.9109  0.2119  0.6622  0.8212  0.5306  0.8281  0.8281  0.3879  0.7603  0.8560  0.1486  0.000040
epoch:108 0.7686  0.9260  0.9135  0.1542  0.6659  0.8206  0.5311  0.8274  0.8274  0.3793  0.7599  0.8558  0.1481  0.000040
epoch:109 0.7673  0.9226  0.9081  0.1867  0.6653  0.8209  0.5296  0.8260  0.8260  0.3664  0.7576  0.8560  0.1493  0.000040
epoch:110 0.7681  0.9252  0.9106  0.1858  0.6628  0.8225  0.5315  0.8278  0.8278  0.3543  0.7583  0.8576  0.1500  0.000040
epoch:111 0.7695  0.9259  0.9111  0.1833  0.6649  0.8210  0.5297  0.8278  0.8278  0.3579  0.7602  0.8556  0.1491  0.000040
epoch:112 0.7681  0.9235  0.9123  0.1618  0.6604  0.8229  0.5315  0.8279  0.8279  0.3879  0.7580  0.8569  0.1493  0.000040
epoch:113 0.7689  0.9239  0.9119  0.1953  0.6641  0.8206  0.5310  0.8282  0.8282  0.3579  0.7594  0.8557  0.1496  0.000040
epoch:114 0.7682  0.9220  0.9098  0.1539  0.6621  0.8231  0.5309  0.8279  0.8279  0.3629  0.7587  0.8565  0.1487  0.000040
epoch:115 0.7729  0.9283  0.9154  0.1848  0.6677  0.8238  0.5316  0.8300  0.8300  0.3593  0.7615  0.8577  0.1491  0.000040
epoch:116 0.7704  0.9285  0.9121  0.1454  0.6667  0.8231  0.5320  0.8290  0.8290  0.3593  0.7602  0.8569  0.1488  0.000040
epoch:117 0.7686  0.9244  0.9098  0.1900  0.6652  0.8203  0.5319  0.8268  0.8268  0.3629  0.7593  0.8552  0.1480  0.000040
epoch:118 0.7695  0.9246  0.9135  0.1527  0.6680  0.8228  0.5309  0.8294  0.8294  0.3714  0.7614  0.8579  0.1488  0.000040
epoch:119 0.7697  0.9260  0.9117  0.1866  0.6652  0.8215  0.5323  0.8278  0.8278  0.3629  0.7596  0.8557  0.1484  0.000040
epoch:120 0.7713  0.9262  0.9122  0.1510  0.6657  0.8239  0.5320  0.8295  0.8295  0.3629  0.7622  0.8577  0.1476  0.000040
epoch:121 0.7724  0.9255  0.9144  0.1838  0.6658  0.8260  0.5335  0.8318  0.8318  0.3543  0.7631  0.8598  0.1484  0.000040
epoch:122 0.7713  0.9251  0.9097  0.1479  0.6683  0.8242  0.5301  0.8290  0.8290  0.3629  0.7632  0.8573  0.1488  0.000040
epoch:123 0.7661  0.9221  0.9081  0.1666  0.6639  0.8198  0.5317  0.8242  0.8242  0.3829  0.7554  0.8549  0.1488  0.000040
epoch:124 0.7652  0.9214  0.9062  0.1861  0.6616  0.8191  0.5298  0.8238  0.8238  0.3593  0.7547  0.8541  0.1485  0.000040
epoch:125 0.7679  0.9216  0.9092  0.1858  0.6648  0.8218  0.5305  0.8276  0.8276  0.3593  0.7595  0.8566  0.1488  0.000040
epoch:126 0.7702  0.9261  0.9094  0.1384  0.6660  0.8212  0.5329  0.8285  0.8285  0.3579  0.7610  0.8565  0.1478  0.000040
epoch:127 0.7696  0.9239  0.9128  0.1449  0.6634  0.8242  0.5302  0.8287  0.8287  0.3543  0.7602  0.8573  0.1489  0.000040
epoch:128 0.7720  0.9263  0.9156  0.1360  0.6697  0.8237  0.5313  0.8312  0.8312  0.3529  0.7639  0.8582  0.1478  0.000040
epoch:129 0.7681  0.9241  0.9099  0.1587  0.6641  0.8208  0.5316  0.8265  0.8265  0.3843  0.7569  0.8553  0.1485  0.000040
epoch:130 0.7682  0.9219  0.9110  0.1537  0.6659  0.8208  0.5325  0.8272  0.8272  0.3629  0.7609  0.8552  0.1486  0.000040
epoch:131 0.7708  0.9267  0.9139  0.1511  0.6659  0.8234  0.5338  0.8308  0.8308  0.3593  0.7630  0.8583  0.1485  0.000040
epoch:132 0.7685  0.9232  0.9088  0.1877  0.6649  0.8206  0.5325  0.8274  0.8274  0.3643  0.7600  0.8550  0.1468  0.000040
epoch:133 0.7675  0.9244  0.9117  0.1866  0.6642  0.8205  0.5311  0.8265  0.8265  0.3579  0.7583  0.8550  0.1477  0.000040
epoch:134 0.7722  0.9263  0.9156  0.1509  0.6671  0.8237  0.5309  0.8296  0.8296  0.3664  0.7634  0.8565  0.1479  0.000040
epoch:135 0.7711  0.9258  0.9132  0.1365  0.6632  0.8243  0.5329  0.8301  0.8301  0.3593  0.7618  0.8582  0.1477  0.000040
epoch:136 0.7674  0.9238  0.9108  0.1452  0.6676  0.8193  0.5297  0.8265  0.8265  0.3543  0.7601  0.8547  0.1480  0.000040
epoch:137 0.7664  0.9239  0.9077  0.1896  0.6617  0.8183  0.5315  0.8246  0.8246  0.3629  0.7591  0.8517  0.1475  0.000040
epoch:138 0.7713  0.9264  0.9117  0.2102  0.6676  0.8230  0.5321  0.8302  0.8302  0.3793  0.7637  0.8573  0.1479  0.000040
epoch:139 0.7713  0.9283  0.9135  0.1595  0.6650  0.8241  0.5318  0.8290  0.8290  0.3793  0.7607  0.8572  0.1470  0.000040
epoch:140 0.7707  0.9277  0.9097  0.1384  0.6677  0.8214  0.5315  0.8287  0.8287  0.3593  0.7613  0.8557  0.1480  0.000040
epoch:141 0.7685  0.9255  0.9091  0.1614  0.6656  0.8198  0.5327  0.8275  0.8275  0.3829  0.7616  0.8542  0.1485  0.000040
epoch:142 0.7677  0.9234  0.9121  0.1339  0.6625  0.8206  0.5307  0.8276  0.8276  0.3579  0.7580  0.8562  0.1481  0.000040
epoch:143 0.7652  0.9211  0.9077  0.1572  0.6595  0.8173  0.5297  0.8234  0.8234  0.3779  0.7553  0.8517  0.1478  0.000040
epoch:144 0.7665  0.9218  0.9106  0.1509  0.6600  0.8204  0.5290  0.8268  0.8268  0.3593  0.7563  0.8557  0.1474  0.000040
epoch:145 0.7690  0.9261  0.9111  0.1370  0.6640  0.8218  0.5288  0.8272  0.8272  0.3593  0.7582  0.8566  0.1475  0.000040
epoch:146 0.7701  0.9243  0.9135  0.1501  0.6661  0.8218  0.5308  0.8295  0.8295  0.3593  0.7626  0.8575  0.1478  0.000040
epoch:147 0.7716  0.9253  0.9125  0.1585  0.6656  0.8248  0.5335  0.8304  0.8304  0.3793  0.7623  0.8585  0.1469  0.000040
epoch:148 0.7680  0.9236  0.9089  0.1518  0.6658  0.8205  0.5329  0.8265  0.8265  0.3593  0.7603  0.8549  0.1471  0.000040
epoch:149 0.7701  0.9247  0.9142  0.1503  0.6638  0.8229  0.5311  0.8301  0.8301  0.3793  0.7614  0.8576  0.1471  0.000040
epoch:150 0.7698  0.9259  0.9116  0.1859  0.6613  0.8237  0.5300  0.8293  0.8293  0.3543  0.7599  0.8581  0.1466  0.000040
epoch:151 0.7667  0.9226  0.9099  0.1515  0.6638  0.8207  0.5315  0.8254  0.8254  0.3793  0.7555  0.8560  0.1470  0.000040
epoch:152 0.7672  0.9247  0.9086  0.1489  0.6652  0.8183  0.5299  0.8264  0.8264  0.3593  0.7609  0.8554  0.1469  0.000040
epoch:153 0.7631  0.9171  0.9044  0.1435  0.6603  0.8174  0.5308  0.8228  0.8228  0.3543  0.7551  0.8517  0.1469  0.000040
epoch:154 0.7674  0.9222  0.9065  0.1458  0.6644  0.8205  0.5297  0.8264  0.8264  0.3543  0.7586  0.8561  0.1459  0.000040
epoch:155 0.7665  0.9206  0.9050  0.1365  0.6601  0.8232  0.5312  0.8278  0.8278  0.3593  0.7574  0.8576  0.1474  0.000040
epoch:156 0.7682  0.9223  0.9113  0.1737  0.6624  0.8229  0.5321  0.8287  0.8287  0.3579  0.7613  0.8578  0.1463  0.000040
epoch:157 0.7703  0.9270  0.9142  0.1372  0.6651  0.8227  0.5327  0.8290  0.8290  0.3593  0.7604  0.8571  0.1460  0.000040
epoch:158 0.7674  0.9217  0.9096  0.1399  0.6627  0.8220  0.5311  0.8270  0.8270  0.3493  0.7582  0.8565  0.1471  0.000040
epoch:159 0.7693  0.9249  0.9101  0.1334  0.6649  0.8228  0.5319  0.8304  0.8304  0.3543  0.7622  0.8586  0.1473  0.000040
epoch:160 0.7654  0.9208  0.9062  0.1864  0.6596  0.8193  0.5301  0.8255  0.8255  0.3543  0.7560  0.8557  0.1461  0.000040
epoch:161 0.7682  0.9226  0.9109  0.1789  0.6632  0.8213  0.5314  0.8287  0.8287  0.3493  0.7607  0.8569  0.1467  0.000040
epoch:162 0.7672  0.9213  0.9124  0.1527  0.6629  0.8208  0.5310  0.8279  0.8279  0.3593  0.7591  0.8566  0.1474  0.000040
epoch:163 0.7693  0.9260  0.9133  0.1509  0.6620  0.8222  0.5333  0.8269  0.8269  0.3593  0.7572  0.8552  0.1465  0.000040
epoch:164 0.7683  0.9236  0.9113  0.1428  0.6642  0.8215  0.5315  0.8278  0.8278  0.3493  0.7589  0.8577  0.1468  0.000040
epoch:165 0.7679  0.9227  0.9088  0.1356  0.6616  0.8233  0.5290  0.8265  0.8265  0.3514  0.7562  0.8577  0.1467  0.000040
epoch:166 0.7697  0.9252  0.9108  0.1339  0.6652  0.8221  0.5301  0.8290  0.8290  0.3543  0.7623  0.8567  0.1462  0.000040
epoch:167 0.7682  0.9233  0.9099  0.1471  0.6638  0.8222  0.5328  0.8276  0.8276  0.3529  0.7597  0.8561  0.1462  0.000040
epoch:168 0.7670  0.9223  0.9095  0.1457  0.6612  0.8206  0.5304  0.8263  0.8263  0.3579  0.7571  0.8558  0.1464  0.000040
epoch:169 0.7661  0.9209  0.9086  0.1776  0.6638  0.8197  0.5287  0.8259  0.8259  0.3593  0.7588  0.8554  0.1464  0.000040
epoch:170 0.7679  0.9211  0.9094  0.1395  0.6629  0.8217  0.5323  0.8284  0.8284  0.3593  0.7598  0.8571  0.1462  0.000040
epoch:171 0.7671  0.9224  0.9113  0.1434  0.6608  0.8226  0.5298  0.8271  0.8271  0.3493  0.7561  0.8573  0.1470  0.000040
epoch:172 0.7657  0.9197  0.9071  0.1461  0.6626  0.8199  0.5320  0.8249  0.8249  0.3493  0.7571  0.8554  0.1464  0.000040
epoch:173 0.7669  0.9209  0.9090  0.1515  0.6648  0.8193  0.5313  0.8246  0.8246  0.3493  0.7572  0.8547  0.1472  0.000040
epoch:174 0.7700  0.9244  0.9102  0.1581  0.6667  0.8230  0.5340  0.8295  0.8295  0.3793  0.7625  0.8575  0.1465  0.000040
epoch:175 0.7692  0.9245  0.9129  0.1461  0.6640  0.8204  0.5335  0.8287  0.8287  0.3793  0.7611  0.8560  0.1463  0.000040
epoch:176 0.7690  0.9234  0.9127  0.1492  0.6661  0.8235  0.5317  0.8287  0.8287  0.3829  0.7601  0.8576  0.1458  0.000040
epoch:177 0.7671  0.9216  0.9083  0.1522  0.6621  0.8206  0.5321  0.8266  0.8266  0.3593  0.7573  0.8553  0.1461  0.000040
epoch:178 0.7709  0.9260  0.9116  0.1453  0.6663  0.8239  0.5320  0.8299  0.8299  0.3629  0.7615  0.8578  0.1457  0.000040
epoch:179 0.7653  0.9201  0.9099  0.1576  0.6599  0.8202  0.5298  0.8245  0.8245  0.3743  0.7538  0.8563  0.1452  0.000040
epoch:180 0.7649  0.9204  0.9082  0.1455  0.6633  0.8187  0.5312  0.8258  0.8258  0.3543  0.7587  0.8542  0.1459  0.000040
epoch:181 0.7699  0.9240  0.9124  0.1601  0.6649  0.8239  0.5309  0.8285  0.8285  0.3843  0.7607  0.8578  0.1453  0.000040
epoch:182 0.7634  0.9193  0.9053  0.1714  0.6605  0.8154  0.5288  0.8207  0.8207  0.4064  0.7535  0.8504  0.1458  0.000040
epoch:183 0.7688  0.9217  0.9096  0.1334  0.6680  0.8209  0.5323  0.8275  0.8275  0.3579  0.7605  0.8560  0.1459  0.000040
epoch:184 0.7631  0.9187  0.9067  0.1452  0.6592  0.8185  0.5316  0.8236  0.8236  0.3543  0.7532  0.8544  0.1456  0.000040
epoch:185 0.7659  0.9210  0.9100  0.1235  0.6606  0.8229  0.5307  0.8263  0.8263  0.3593  0.7550  0.8574  0.1459  0.000040
epoch:186 0.7691  0.9239  0.9136  0.1504  0.6659  0.8213  0.5330  0.8283  0.8283  0.3629  0.7621  0.8564  0.1452  0.000040
epoch:187 0.7689  0.9244  0.9120  0.1488  0.6637  0.8204  0.5309  0.8277  0.8277  0.3843  0.7594  0.8562  0.1455  0.000040
epoch:188 0.7608  0.9165  0.9048  0.1536  0.6580  0.8145  0.5294  0.8199  0.8199  0.3529  0.7521  0.8502  0.1456  0.000040
epoch:189 0.7677  0.9237  0.9114  0.1482  0.6664  0.8216  0.5299  0.8279  0.8279  0.3829  0.7600  0.8566  0.1450  0.000040
epoch:190 0.7678  0.9209  0.9083  0.1496  0.6636  0.8203  0.5307  0.8281  0.8281  0.3879  0.7596  0.8566  0.1455  0.000040
epoch:191 0.7666  0.9231  0.9089  0.1619  0.6600  0.8189  0.5321  0.8257  0.8257  0.3829  0.7565  0.8537  0.1451  0.000040
epoch:192 0.7649  0.9196  0.9079  0.1501  0.6570  0.8201  0.5274  0.8234  0.8234  0.3643  0.7516  0.8556  0.1452  0.000040
epoch:193 0.7700  0.9240  0.9118  0.1615  0.6686  0.8220  0.5332  0.8292  0.8292  0.3843  0.7625  0.8572  0.1458  0.000040
epoch:194 0.7645  0.9202  0.9080  0.1348  0.6615  0.8185  0.5314  0.8248  0.8248  0.3493  0.7577  0.8537  0.1448  0.000040
epoch:195 0.7673  0.9217  0.9095  0.1442  0.6665  0.8203  0.5321  0.8271  0.8271  0.3493  0.7596  0.8555  0.1459  0.000040
epoch:196 0.7662  0.9214  0.9113  0.1456  0.6633  0.8193  0.5321  0.8264  0.8264  0.3543  0.7586  0.8551  0.1449  0.000040
epoch:197 0.7683  0.9217  0.9091  0.1553  0.6652  0.8228  0.5306  0.8281  0.8281  0.3793  0.7606  0.8576  0.1454  0.000040
epoch:198 0.7714  0.9251  0.9121  0.1443  0.6667  0.8227  0.5329  0.8302  0.8302  0.3793  0.7618  0.8573  0.1452  0.000040
epoch:199 0.7686  0.9225  0.9120  0.1607  0.6646  0.8214  0.5318  0.8293  0.8293  0.3793  0.7622  0.8574  0.1449  0.000040
