epoch:0 0.3895  0.5339  0.4818  0.0356  0.2892  0.4045  0.4006  0.6914  0.7003  0.1371  0.6341  0.7461  1.1712  0.004000
epoch:1 0.5463  0.6804  0.6545  0.0867  0.4129  0.5874  0.4810  0.8159  0.8212  0.3164  0.7243  0.8659  0.3739  0.004000
epoch:2 0.5941  0.7183  0.7050  0.2360  0.4580  0.6230  0.5044  0.8412  0.8454  0.4514  0.7761  0.8767  0.3037  0.004000
epoch:3 0.5868  0.6952  0.6824  0.2456  0.5181  0.6115  0.5068  0.8432  0.8490  0.5117  0.7830  0.8767  0.2688  0.004000
epoch:4 0.5578  0.6605  0.6518  0.2687  0.4374  0.5724  0.4923  0.8277  0.8326  0.4850  0.7206  0.8800  0.2553  0.004000
epoch:5 0.6180  0.7280  0.7154  0.1584  0.5294  0.6393  0.5010  0.8459  0.8506  0.4264  0.7717  0.8997  0.2392  0.004000
epoch:6 0.5522  0.6506  0.6400  0.2814  0.4408  0.5656  0.4784  0.8030  0.8071  0.4393  0.7173  0.8605  0.2258  0.004000
epoch:7 0.6060  0.7081  0.7008  0.2894  0.5035  0.6227  0.5072  0.8491  0.8533  0.3955  0.7859  0.8931  0.2194  0.004000
epoch:8 0.6094  0.7072  0.6965  0.3525  0.5459  0.6101  0.5111  0.8534  0.8560  0.4586  0.7820  0.8973  0.2110  0.004000
epoch:9 0.6125  0.7130  0.7024  0.3020  0.5369  0.6329  0.5088  0.8534  0.8574  0.5079  0.7814  0.9089  0.2047  0.004000
epoch:10 0.6013  0.7044  0.6924  0.3762  0.4998  0.6228  0.5027  0.8465  0.8504  0.5200  0.7670  0.8996  0.2003  0.004000
epoch:11 0.5957  0.6955  0.6838  0.3729  0.5041  0.6078  0.5033  0.8497  0.8535  0.5157  0.7619  0.8992  0.1936  0.004000
epoch:12 0.6175  0.7158  0.7009  0.3746  0.4947  0.6365  0.5134  0.8554  0.8586  0.5531  0.7743  0.9061  0.1870  0.004000
epoch:13 0.6058  0.7060  0.6959  0.3991  0.5058  0.6285  0.5125  0.8607  0.8633  0.4786  0.7452  0.9122  0.1845  0.004000
epoch:14 0.5888  0.6863  0.6753  0.4149  0.5248  0.5988  0.4956  0.8318  0.8354  0.5193  0.7576  0.8812  0.1772  0.004000
epoch:15 0.5539  0.6507  0.6428  0.3534  0.4792  0.5491  0.4732  0.7972  0.8000  0.4557  0.7153  0.8351  0.1766  0.004000
epoch:16 0.6249  0.7167  0.7112  0.4038  0.5109  0.6637  0.5169  0.8715  0.8736  0.4493  0.7823  0.9195  0.1607  0.000400
epoch:17 0.6252  0.7194  0.7103  0.4143  0.5289  0.6534  0.5168  0.8710  0.8732  0.4907  0.7864  0.9180  0.1566  0.000400
epoch:18 0.6322  0.7234  0.7151  0.3844  0.5533  0.6513  0.5218  0.8727  0.8748  0.5157  0.7799  0.9207  0.1552  0.000400
epoch:19 0.6195  0.7131  0.7008  0.3680  0.5422  0.6311  0.5178  0.8700  0.8725  0.4336  0.7839  0.9171  0.1550  0.000400
epoch:20 0.6213  0.7140  0.7078  0.4116  0.5469  0.6339  0.5159  0.8667  0.8700  0.4943  0.7812  0.9177  0.1544  0.000400
epoch:21 0.6319  0.7275  0.7187  0.4241  0.5615  0.6514  0.5172  0.8724  0.8746  0.4907  0.7875  0.9176  0.1525  0.000400
epoch:22 0.6351  0.7290  0.7202  0.4102  0.5630  0.6540  0.5207  0.8719  0.8746  0.4943  0.7849  0.9199  0.1511  0.000040
epoch:23 0.6357  0.7293  0.7223  0.4612  0.5504  0.6551  0.5194  0.8750  0.8773  0.4979  0.7957  0.9195  0.1513  0.000040
epoch:24 0.6345  0.7277  0.7207  0.4480  0.5598  0.6498  0.5193  0.8712  0.8734  0.4943  0.7865  0.9188  0.1514  0.000040
epoch:25 0.6366  0.7306  0.7226  0.4136  0.5694  0.6523  0.5228  0.8726  0.8749  0.4979  0.7857  0.9199  0.1505  0.000040
epoch:26 0.6335  0.7282  0.7202  0.4292  0.5633  0.6506  0.5190  0.8711  0.8741  0.4943  0.7883  0.9184  0.1504  0.000040
epoch:27 0.6313  0.7232  0.7149  0.4209  0.5554  0.6487  0.5199  0.8746  0.8771  0.4943  0.7907  0.9208  0.1500  0.000040
epoch:28 0.6331  0.7267  0.7198  0.4323  0.5587  0.6454  0.5189  0.8722  0.8745  0.4943  0.7898  0.9187  0.1504  0.000040
epoch:29 0.6352  0.7292  0.7204  0.4569  0.5591  0.6493  0.5162  0.8742  0.8764  0.4979  0.7891  0.9202  0.1503  0.000040
epoch:30 0.6366  0.7300  0.7235  0.4265  0.5610  0.6589  0.5203  0.8737  0.8759  0.4943  0.7897  0.9193  0.1512  0.000040
epoch:31 0.6312  0.7260  0.7173  0.4111  0.5611  0.6475  0.5212  0.8728  0.8752  0.4657  0.7905  0.9182  0.1509  0.000040
epoch:32 0.6425  0.7360  0.7289  0.4253  0.5750  0.6590  0.5184  0.8737  0.8762  0.4943  0.7927  0.9187  0.1499  0.000040
epoch:33 0.6377  0.7320  0.7247  0.4297  0.5649  0.6617  0.5205  0.8744  0.8770  0.4943  0.7918  0.9198  0.1502  0.000040
epoch:34 0.6387  0.7330  0.7221  0.4357  0.5462  0.6584  0.5227  0.8709  0.8737  0.4979  0.7859  0.9183  0.1503  0.000040
epoch:35 0.6461  0.7431  0.7347  0.4258  0.5718  0.6692  0.5211  0.8731  0.8754  0.5279  0.7856  0.9195  0.1501  0.000040
epoch:36 0.6401  0.7338  0.7271  0.4292  0.5800  0.6567  0.5207  0.8717  0.8741  0.4943  0.7905  0.9192  0.1492  0.000040
epoch:37 0.6373  0.7308  0.7221  0.4056  0.5713  0.6531  0.5192  0.8747  0.8766  0.4943  0.7841  0.9209  0.1494  0.000040
epoch:38 0.6461  0.7419  0.7325  0.4321  0.5606  0.6604  0.5200  0.8720  0.8749  0.5314  0.7873  0.9186  0.1492  0.000040
epoch:39 0.6368  0.7318  0.7229  0.4376  0.5751  0.6539  0.5199  0.8737  0.8755  0.4979  0.7908  0.9190  0.1489  0.000040
epoch:40 0.6439  0.7396  0.7310  0.4426  0.5691  0.6607  0.5204  0.8754  0.8776  0.4979  0.7950  0.9204  0.1489  0.000040
epoch:41 0.6428  0.7362  0.7282  0.4474  0.5624  0.6555  0.5233  0.8760  0.8782  0.5314  0.7876  0.9212  0.1496  0.000040
epoch:42 0.6382  0.7322  0.7251  0.4099  0.5674  0.6538  0.5182  0.8736  0.8761  0.4943  0.7912  0.9193  0.1495  0.000040
epoch:43 0.6418  0.7369  0.7259  0.4130  0.5666  0.6593  0.5210  0.8740  0.8765  0.5207  0.7892  0.9207  0.1489  0.000040
epoch:44 0.6286  0.7213  0.7140  0.4165  0.5444  0.6441  0.5166  0.8731  0.8757  0.4943  0.7908  0.9197  0.1490  0.000040
epoch:45 0.6397  0.7358  0.7258  0.4456  0.5822  0.6573  0.5206  0.8725  0.8744  0.4979  0.7894  0.9183  0.1486  0.000040
epoch:46 0.6387  0.7335  0.7258  0.4239  0.5502  0.6589  0.5151  0.8709  0.8732  0.5014  0.7852  0.9183  0.1491  0.000040
epoch:47 0.6328  0.7262  0.7178  0.4111  0.5640  0.6419  0.5180  0.8722  0.8752  0.4943  0.7874  0.9195  0.1494  0.000040
epoch:48 0.6400  0.7347  0.7268  0.4278  0.5611  0.6583  0.5223  0.8737  0.8756  0.4979  0.7885  0.9182  0.1492  0.000040
epoch:49 0.6433  0.7387  0.7303  0.4190  0.5514  0.6633  0.5177  0.8736  0.8756  0.5014  0.7906  0.9190  0.1486  0.000040
epoch:50 0.6334  0.7272  0.7215  0.4407  0.5653  0.6492  0.5182  0.8729  0.8751  0.4943  0.7937  0.9176  0.1492  0.000040
epoch:51 0.6366  0.7303  0.7195  0.4514  0.5583  0.6543  0.5215  0.8729  0.8749  0.5014  0.7851  0.9192  0.1487  0.000040
epoch:52 0.6408  0.7368  0.7263  0.4289  0.5689  0.6559  0.5212  0.8734  0.8757  0.4979  0.7890  0.9188  0.1485  0.000040
