epoch:0 0.4158  0.5352  0.5057  0.0199  0.2469  0.4711  0.4253  0.7139  0.7222  0.2043  0.6596  0.7688  1.1712  0.004000
epoch:1 0.5553  0.6810  0.6583  0.0365  0.3737  0.6482  0.4897  0.8065  0.8099  0.3079  0.7168  0.8588  0.3739  0.004000
epoch:2 0.5975  0.7180  0.7080  0.1520  0.4126  0.6779  0.5100  0.8235  0.8266  0.3771  0.7599  0.8606  0.3037  0.004000
epoch:3 0.5761  0.6957  0.6841  0.0789  0.4677  0.6555  0.4976  0.8124  0.8155  0.3188  0.7604  0.8478  0.2688  0.004000
epoch:4 0.5396  0.6604  0.6497  0.0973  0.3703  0.6241  0.4788  0.7915  0.7946  0.2469  0.6789  0.8470  0.2553  0.004000
epoch:5 0.6065  0.7277  0.7201  0.0612  0.4799  0.6746  0.4929  0.8088  0.8120  0.3171  0.7381  0.8643  0.2392  0.004000
epoch:6 0.5495  0.6507  0.6465  0.1079  0.4050  0.6210  0.4791  0.7870  0.7899  0.3007  0.7062  0.8486  0.2258  0.004000
epoch:7 0.5945  0.7069  0.7011  0.1419  0.4671  0.6626  0.4984  0.8191  0.8215  0.2926  0.7559  0.8646  0.2194  0.004000
epoch:8 0.5914  0.7054  0.6987  0.1789  0.4889  0.6559  0.4991  0.8155  0.8164  0.3090  0.7368  0.8619  0.2110  0.004000
epoch:9 0.6005  0.7123  0.7057  0.0920  0.4892  0.6854  0.4985  0.8175  0.8182  0.3940  0.7382  0.8731  0.2047  0.004000
epoch:10 0.5931  0.7047  0.6984  0.1871  0.4641  0.6718  0.4941  0.8129  0.8152  0.3740  0.7297  0.8662  0.2003  0.004000
epoch:11 0.5795  0.6948  0.6885  0.1842  0.4678  0.6496  0.4922  0.8127  0.8145  0.3440  0.7312  0.8630  0.1936  0.004000
epoch:12 0.6041  0.7157  0.7087  0.1450  0.4560  0.6783  0.5026  0.8222  0.8233  0.4012  0.7465  0.8725  0.1870  0.004000
epoch:13 0.5950  0.7062  0.6981  0.2340  0.4715  0.6730  0.5042  0.8253  0.8262  0.3355  0.7147  0.8773  0.1845  0.004000
epoch:14 0.5767  0.6869  0.6790  0.2348  0.4832  0.6491  0.4856  0.8023  0.8044  0.3676  0.7305  0.8539  0.1772  0.004000
epoch:15 0.5446  0.6523  0.6463  0.2025  0.4307  0.5984  0.4677  0.7724  0.7729  0.3490  0.6889  0.8092  0.1766  0.004000
epoch:16 0.6040  0.7169  0.7125  0.1778  0.4581  0.7004  0.5031  0.8311  0.8316  0.3548  0.7442  0.8788  0.1607  0.000400
epoch:17 0.6036  0.7200  0.7135  0.2476  0.4715  0.6921  0.5024  0.8313  0.8321  0.4040  0.7486  0.8800  0.1566  0.000400
epoch:18 0.6102  0.7237  0.7188  0.2430  0.4963  0.6833  0.5051  0.8314  0.8327  0.4340  0.7450  0.8792  0.1552  0.000400
epoch:19 0.5998  0.7146  0.7066  0.2173  0.4829  0.6767  0.5019  0.8281  0.8288  0.3476  0.7481  0.8759  0.1550  0.000400
epoch:20 0.6016  0.7147  0.7095  0.2291  0.4947  0.6755  0.5022  0.8269  0.8287  0.3798  0.7452  0.8776  0.1544  0.000400
epoch:21 0.6097  0.7275  0.7236  0.2541  0.5100  0.6891  0.5005  0.8296  0.8305  0.3776  0.7515  0.8753  0.1525  0.000400
epoch:22 0.6111  0.7295  0.7249  0.2509  0.5042  0.6838  0.5049  0.8295  0.8309  0.3740  0.7475  0.8775  0.1511  0.000040
epoch:23 0.6135  0.7297  0.7254  0.2607  0.4950  0.6900  0.5041  0.8313  0.8320  0.3776  0.7528  0.8767  0.1513  0.000040
epoch:24 0.6119  0.7283  0.7235  0.2834  0.5044  0.6911  0.5038  0.8279  0.8287  0.3790  0.7469  0.8759  0.1514  0.000040
epoch:25 0.6153  0.7310  0.7267  0.2383  0.5111  0.6925  0.5074  0.8290  0.8295  0.3790  0.7482  0.8757  0.1505  0.000040
epoch:26 0.6137  0.7289  0.7246  0.2636  0.5114  0.6862  0.5047  0.8295  0.8301  0.3776  0.7473  0.8763  0.1504  0.000040
epoch:27 0.6089  0.7236  0.7191  0.2492  0.4934  0.6915  0.5042  0.8316  0.8325  0.3848  0.7508  0.8780  0.1500  0.000040
epoch:28 0.6109  0.7270  0.7224  0.2582  0.5001  0.6858  0.5031  0.8295  0.8303  0.3776  0.7517  0.8756  0.1504  0.000040
epoch:29 0.6127  0.7298  0.7256  0.2651  0.5030  0.6834  0.5014  0.8308  0.8313  0.3740  0.7494  0.8767  0.1503  0.000040
epoch:30 0.6151  0.7304  0.7250  0.2500  0.5091  0.6906  0.5049  0.8308  0.8315  0.3776  0.7525  0.8768  0.1512  0.000040
epoch:31 0.6101  0.7264  0.7213  0.2298  0.5100  0.6845  0.5040  0.8309  0.8317  0.3576  0.7521  0.8770  0.1509  0.000040
epoch:32 0.6190  0.7364  0.7316  0.2675  0.5169  0.6922  0.5028  0.8313  0.8325  0.3740  0.7535  0.8764  0.1499  0.000040
epoch:33 0.6153  0.7319  0.7280  0.2596  0.5172  0.6924  0.5029  0.8305  0.8313  0.3790  0.7516  0.8763  0.1502  0.000040
epoch:34 0.6166  0.7333  0.7294  0.2549  0.5006  0.6898  0.5057  0.8274  0.8287  0.3776  0.7464  0.8757  0.1503  0.000040
epoch:35 0.6247  0.7428  0.7373  0.2576  0.5137  0.7095  0.5064  0.8310  0.8320  0.4140  0.7513  0.8777  0.1501  0.000040
epoch:36 0.6180  0.7343  0.7295  0.2446  0.5145  0.6969  0.5041  0.8301  0.8309  0.3790  0.7490  0.8772  0.1492  0.000040
epoch:37 0.6153  0.7309  0.7263  0.2459  0.5173  0.6890  0.5037  0.8307  0.8314  0.3705  0.7508  0.8763  0.1494  0.000040
epoch:38 0.6249  0.7420  0.7363  0.2305  0.5054  0.7004  0.5043  0.8311  0.8316  0.4140  0.7503  0.8772  0.1492  0.000040
epoch:39 0.6155  0.7321  0.7269  0.2308  0.5171  0.6948  0.5043  0.8300  0.8307  0.3740  0.7500  0.8770  0.1489  0.000040
epoch:40 0.6217  0.7395  0.7347  0.2436  0.5123  0.6991  0.5047  0.8319  0.8327  0.3740  0.7541  0.8765  0.1489  0.000040
epoch:41 0.6191  0.7364  0.7312  0.2752  0.5031  0.6914  0.5068  0.8319  0.8326  0.4140  0.7541  0.8772  0.1496  0.000040
epoch:42 0.6156  0.7326  0.7279  0.2384  0.5088  0.6879  0.5022  0.8313  0.8320  0.3740  0.7515  0.8767  0.1495  0.000040
epoch:43 0.6212  0.7368  0.7311  0.2094  0.5092  0.7037  0.5053  0.8313  0.8321  0.4140  0.7551  0.8772  0.1489  0.000040
epoch:44 0.6069  0.7212  0.7163  0.2431  0.4866  0.6798  0.5005  0.8306  0.8313  0.3826  0.7542  0.8757  0.1490  0.000040
epoch:45 0.6184  0.7362  0.7299  0.2369  0.5247  0.6953  0.5043  0.8300  0.8308  0.3990  0.7500  0.8769  0.1486  0.000040
epoch:46 0.6164  0.7338  0.7300  0.2300  0.4938  0.6897  0.4995  0.8282  0.8289  0.3790  0.7493  0.8745  0.1491  0.000040
epoch:47 0.6119  0.7266  0.7225  0.2277  0.5121  0.6806  0.5031  0.8305  0.8317  0.3776  0.7503  0.8770  0.1494  0.000040
epoch:48 0.6184  0.7350  0.7304  0.2476  0.5028  0.6983  0.5056  0.8315  0.8323  0.3690  0.7539  0.8762  0.1492  0.000040
epoch:49 0.6212  0.7382  0.7348  0.2468  0.5001  0.6983  0.5026  0.8301  0.8309  0.3790  0.7491  0.8757  0.1486  0.000040
epoch:50 0.6127  0.7275  0.7230  0.2515  0.5074  0.6878  0.5028  0.8310  0.8318  0.3826  0.7531  0.8765  0.1492  0.000040
epoch:51 0.6143  0.7306  0.7272  0.2552  0.4957  0.6926  0.5055  0.8303  0.8311  0.3790  0.7505  0.8764  0.1487  0.000040
epoch:52 0.6193  0.7374  0.7329  0.2485  0.5162  0.6940  0.5061  0.8317  0.8324  0.3740  0.7527  0.8762  0.1485  0.000040
