epoch:0 0.5819  0.8847  0.7090  0.2278  0.5177  0.5717  0.4222  0.7009  0.7013  0.2457  0.6279  0.7288  1.3066  0.004000
epoch:1 0.7019  0.9155  0.8950  0.4383  0.6491  0.6884  0.4971  0.7966  0.7966  0.5738  0.7432  0.8222  0.3823  0.004000
epoch:2 0.7483  0.9371  0.9206  0.3553  0.6877  0.7415  0.5193  0.8293  0.8293  0.4617  0.7843  0.8453  0.3023  0.004000
epoch:3 0.7699  0.9361  0.9170  0.3664  0.6642  0.7754  0.5357  0.8471  0.8471  0.5440  0.7753  0.8735  0.2737  0.004000
epoch:4 0.7867  0.9398  0.9329  0.4372  0.7096  0.7873  0.5403  0.8571  0.8571  0.6005  0.7951  0.8827  0.2508  0.004000
epoch:5 0.7957  0.9464  0.9361  0.4010  0.7010  0.8081  0.5431  0.8612  0.8612  0.5143  0.8055  0.8752  0.2400  0.004000
epoch:6 0.7926  0.9459  0.9329  0.3978  0.6917  0.8084  0.5427  0.8553  0.8553  0.4643  0.7912  0.8753  0.2290  0.004000
epoch:7 0.7835  0.9467  0.9349  0.3813  0.6697  0.8022  0.5379  0.8482  0.8482  0.4895  0.7814  0.8704  0.2217  0.004000
epoch:8 0.7772  0.9304  0.9111  0.4662  0.6505  0.7920  0.5433  0.8480  0.8480  0.5779  0.7607  0.8827  0.2110  0.004000
epoch:9 0.7936  0.9385  0.9250  0.4066  0.6756  0.8083  0.5490  0.8638  0.8638  0.4707  0.8032  0.8779  0.2073  0.004000
epoch:10 0.7842  0.9362  0.9238  0.4381  0.6785  0.7982  0.5436  0.8538  0.8538  0.5081  0.7945  0.8670  0.2014  0.004000
epoch:11 0.7877  0.9407  0.9263  0.4050  0.6719  0.8026  0.5392  0.8525  0.8525  0.4414  0.7706  0.8776  0.1924  0.004000
epoch:12 0.7917  0.9364  0.9237  0.3867  0.6724  0.8061  0.5429  0.8530  0.8530  0.4357  0.7778  0.8767  0.1850  0.004000
epoch:13 0.7860  0.9280  0.9182  0.3537  0.6766  0.8018  0.5391  0.8503  0.8503  0.4250  0.7915  0.8611  0.1803  0.004000
epoch:14 0.7868  0.9345  0.9243  0.3575  0.6853  0.8023  0.5383  0.8506  0.8506  0.3933  0.7853  0.8711  0.1827  0.004000
epoch:15 0.7967  0.9348  0.9256  0.3509  0.7006  0.8119  0.5449  0.8603  0.8603  0.4150  0.7987  0.8764  0.1742  0.004000
epoch:16 0.7972  0.9310  0.9197  0.3793  0.6888  0.8177  0.5425  0.8587  0.8587  0.4350  0.7847  0.8832  0.1639  0.000400
epoch:17 0.7999  0.9351  0.9240  0.3869  0.6878  0.8200  0.5455  0.8628  0.8628  0.4386  0.7862  0.8875  0.1601  0.000400
epoch:18 0.7976  0.9358  0.9267  0.4070  0.6863  0.8163  0.5413  0.8583  0.8583  0.4569  0.7864  0.8808  0.1594  0.000400
epoch:19 0.7968  0.9355  0.9224  0.4105  0.6817  0.8150  0.5449  0.8606  0.8606  0.4555  0.7846  0.8855  0.1582  0.000400
epoch:20 0.7994  0.9365  0.9258  0.3938  0.6897  0.8187  0.5446  0.8602  0.8602  0.4421  0.7847  0.8869  0.1564  0.000400
epoch:21 0.8035  0.9364  0.9233  0.3894  0.6905  0.8248  0.5457  0.8624  0.8624  0.4183  0.7869  0.8892  0.1568  0.000400
epoch:22 0.8006  0.9373  0.9268  0.3865  0.6886  0.8218  0.5449  0.8614  0.8614  0.4183  0.7846  0.8879  0.1546  0.000040
epoch:23 0.7994  0.9351  0.9224  0.4041  0.6906  0.8213  0.5441  0.8598  0.8598  0.4505  0.7862  0.8873  0.1546  0.000040
epoch:24 0.8005  0.9360  0.9232  0.3825  0.6873  0.8210  0.5433  0.8589  0.8589  0.4169  0.7801  0.8842  0.1543  0.000040
epoch:25 0.8004  0.9355  0.9248  0.3944  0.6889  0.8196  0.5442  0.8601  0.8601  0.4169  0.7870  0.8846  0.1540  0.000040
epoch:26 0.7975  0.9372  0.9238  0.3902  0.6869  0.8184  0.5442  0.8590  0.8590  0.4219  0.7797  0.8862  0.1545  0.000040
epoch:27 0.8018  0.9380  0.9268  0.3858  0.6872  0.8235  0.5445  0.8610  0.8610  0.4169  0.7823  0.8884  0.1544  0.000040
epoch:28 0.7960  0.9327  0.9198  0.3824  0.6874  0.8177  0.5423  0.8577  0.8577  0.4183  0.7829  0.8808  0.1544  0.000040
epoch:29 0.8039  0.9375  0.9289  0.3749  0.6976  0.8234  0.5482  0.8639  0.8639  0.4219  0.7911  0.8883  0.1539  0.000040
epoch:30 0.7984  0.9320  0.9215  0.3861  0.6904  0.8182  0.5422  0.8572  0.8572  0.4219  0.7855  0.8790  0.1543  0.000040
epoch:31 0.8006  0.9356  0.9271  0.3840  0.6935  0.8228  0.5449  0.8611  0.8611  0.4133  0.7875  0.8881  0.1551  0.000040
epoch:32 0.7999  0.9321  0.9235  0.3858  0.6963  0.8205  0.5446  0.8570  0.8570  0.4169  0.7855  0.8797  0.1540  0.000040
epoch:33 0.7994  0.9383  0.9233  0.3861  0.6892  0.8188  0.5452  0.8615  0.8615  0.4219  0.7887  0.8871  0.1538  0.000040
epoch:34 0.8015  0.9346  0.9220  0.3902  0.6914  0.8222  0.5452  0.8594  0.8594  0.4219  0.7828  0.8836  0.1540  0.000040
epoch:35 0.8033  0.9380  0.9278  0.3902  0.6950  0.8250  0.5451  0.8617  0.8617  0.4219  0.7891  0.8882  0.1532  0.000040
epoch:36 0.8034  0.9363  0.9254  0.3800  0.6859  0.8274  0.5442  0.8612  0.8612  0.4119  0.7837  0.8899  0.1534  0.000040
epoch:37 0.8025  0.9372  0.9225  0.3902  0.6900  0.8249  0.5456  0.8618  0.8618  0.4219  0.7828  0.8900  0.1542  0.000040
epoch:38 0.7997  0.9350  0.9243  0.3858  0.6887  0.8228  0.5430  0.8588  0.8588  0.4169  0.7838  0.8861  0.1541  0.000040
epoch:39 0.7995  0.9348  0.9223  0.3652  0.6904  0.8223  0.5433  0.8581  0.8581  0.3969  0.7814  0.8853  0.1527  0.000040
epoch:40 0.7998  0.9324  0.9238  0.3608  0.6978  0.8205  0.5442  0.8580  0.8580  0.3919  0.7940  0.8804  0.1530  0.000040
epoch:41 0.7999  0.9375  0.9208  0.3951  0.6925  0.8199  0.5446  0.8571  0.8571  0.4183  0.7859  0.8792  0.1537  0.000040
epoch:42 0.8003  0.9317  0.9211  0.3858  0.6973  0.8209  0.5438  0.8580  0.8580  0.4169  0.7916  0.8811  0.1531  0.000040
epoch:43 0.7988  0.9354  0.9227  0.3858  0.6919  0.8205  0.5423  0.8587  0.8587  0.4169  0.7895  0.8849  0.1530  0.000040
epoch:44 0.8016  0.9366  0.9263  0.3652  0.6961  0.8216  0.5451  0.8620  0.8620  0.3969  0.7876  0.8883  0.1533  0.000040
epoch:45 0.7973  0.9323  0.9240  0.3575  0.6917  0.8185  0.5424  0.8554  0.8554  0.3919  0.7840  0.8788  0.1529  0.000040
epoch:46 0.7969  0.9314  0.9212  0.3574  0.6930  0.8192  0.5419  0.8558  0.8558  0.3933  0.7820  0.8793  0.1533  0.000040
epoch:47 0.8015  0.9345  0.9242  0.3877  0.6984  0.8200  0.5447  0.8580  0.8580  0.4169  0.7873  0.8800  0.1536  0.000040
epoch:48 0.7986  0.9357  0.9254  0.3574  0.6914  0.8209  0.5426  0.8565  0.8565  0.3933  0.7807  0.8834  0.1525  0.000040
epoch:49 0.7988  0.9349  0.9244  0.3611  0.6915  0.8204  0.5436  0.8586  0.8586  0.3969  0.7830  0.8855  0.1525  0.000040
epoch:50 0.7984  0.9319  0.9234  0.3652  0.6932  0.8196  0.5431  0.8563  0.8563  0.3969  0.7837  0.8801  0.1526  0.000040
epoch:51 0.8018  0.9364  0.9240  0.3821  0.6940  0.8235  0.5443  0.8585  0.8585  0.4133  0.7868  0.8850  0.1525  0.000040
epoch:52 0.8004  0.9360  0.9234  0.3858  0.6908  0.8220  0.5427  0.8578  0.8578  0.4169  0.7807  0.8849  0.1535  0.000040
epoch:53 0.7991  0.9324  0.9221  0.3590  0.6924  0.8215  0.5430  0.8582  0.8582  0.3883  0.7853  0.8851  0.1521  0.000040
epoch:54 0.8001  0.9348  0.9243  0.3902  0.6940  0.8207  0.5438  0.8569  0.8569  0.4219  0.7815  0.8829  0.1524  0.000040
epoch:55 0.7972  0.9335  0.9231  0.3858  0.6867  0.8217  0.5419  0.8564  0.8564  0.4169  0.7786  0.8850  0.1523  0.000040
epoch:56 0.8053  0.9387  0.9264  0.3902  0.6951  0.8258  0.5464  0.8620  0.8620  0.4219  0.7870  0.8865  0.1517  0.000040
epoch:57 0.7994  0.9355  0.9250  0.3590  0.6937  0.8203  0.5440  0.8573  0.8573  0.3883  0.7816  0.8843  0.1515  0.000040
epoch:58 0.7999  0.9332  0.9228  0.3988  0.6936  0.8219  0.5432  0.8556  0.8556  0.4219  0.7832  0.8799  0.1524  0.000040
epoch:59 0.8003  0.9361  0.9257  0.3988  0.6952  0.8220  0.5437  0.8569  0.8569  0.4219  0.7819  0.8841  0.1522  0.000040
epoch:60 0.8003  0.9352  0.9227  0.3627  0.6995  0.8202  0.5434  0.8580  0.8580  0.3919  0.7880  0.8841  0.1526  0.000040
epoch:61 0.7983  0.9322  0.9218  0.3988  0.6912  0.8206  0.5428  0.8553  0.8553  0.4219  0.7801  0.8819  0.1526  0.000040
epoch:62 0.7989  0.9336  0.9250  0.3902  0.6926  0.8196  0.5430  0.8569  0.8569  0.4219  0.7836  0.8814  0.1520  0.000040
epoch:63 0.7969  0.9332  0.9228  0.3858  0.6887  0.8194  0.5410  0.8564  0.8564  0.4169  0.7809  0.8839  0.1522  0.000040
epoch:64 0.7968  0.9298  0.9191  0.3615  0.6879  0.8192  0.5404  0.8532  0.8532  0.3933  0.7759  0.8799  0.1522  0.000040
epoch:65 0.8000  0.9359  0.9236  0.3858  0.6957  0.8219  0.5429  0.8583  0.8583  0.4169  0.7850  0.8848  0.1515  0.000040
epoch:66 0.7990  0.9333  0.9209  0.3944  0.6916  0.8192  0.5434  0.8568  0.8568  0.4169  0.7847  0.8798  0.1520  0.000040
epoch:67 0.7994  0.9356  0.9271  0.3902  0.6940  0.8181  0.5435  0.8576  0.8576  0.4219  0.7844  0.8827  0.1517  0.000040
epoch:68 0.8002  0.9353  0.9268  0.3877  0.6915  0.8220  0.5427  0.8586  0.8586  0.4169  0.7838  0.8867  0.1518  0.000040
epoch:69 0.8001  0.9343  0.9259  0.3877  0.6912  0.8213  0.5438  0.8597  0.8597  0.4169  0.7843  0.8874  0.1520  0.000040
epoch:70 0.7992  0.9345  0.9201  0.3590  0.6918  0.8206  0.5430  0.8555  0.8555  0.3883  0.7807  0.8791  0.1522  0.000040
epoch:71 0.7993  0.9352  0.9228  0.3590  0.6927  0.8201  0.5435  0.8578  0.8578  0.3883  0.7829  0.8844  0.1517  0.000040
epoch:72 0.7973  0.9314  0.9167  0.3865  0.6845  0.8199  0.5433  0.8551  0.8551  0.4183  0.7784  0.8800  0.1512  0.000040
epoch:73 0.7945  0.9311  0.9204  0.3538  0.6871  0.8154  0.5395  0.8533  0.8533  0.3883  0.7790  0.8780  0.1503  0.000040
epoch:74 0.7996  0.9347  0.9222  0.3902  0.6906  0.8199  0.5437  0.8582  0.8582  0.4219  0.7809  0.8852  0.1514  0.000040
epoch:75 0.7980  0.9326  0.9223  0.3615  0.6940  0.8195  0.5428  0.8554  0.8554  0.3933  0.7808  0.8796  0.1516  0.000040
epoch:76 0.7980  0.9352  0.9209  0.3788  0.6871  0.8204  0.5429  0.8546  0.8546  0.4133  0.7771  0.8793  0.1505  0.000040
epoch:77 0.8030  0.9400  0.9297  0.3902  0.6991  0.8205  0.5452  0.8608  0.8608  0.4219  0.7894  0.8861  0.1511  0.000040
epoch:78 0.8013  0.9368  0.9265  0.3615  0.6958  0.8221  0.5424  0.8567  0.8567  0.3933  0.7826  0.8837  0.1508  0.000040
epoch:79 0.8024  0.9374  0.9271  0.3902  0.6968  0.8228  0.5446  0.8590  0.8590  0.4219  0.7860  0.8847  0.1509  0.000040
epoch:80 0.7953  0.9315  0.9191  0.3865  0.6875  0.8178  0.5425  0.8537  0.8537  0.4183  0.7762  0.8815  0.1513  0.000040
epoch:81 0.7974  0.9340  0.9237  0.3858  0.6902  0.8206  0.5423  0.8552  0.8552  0.4169  0.7793  0.8840  0.1512  0.000040
epoch:82 0.8004  0.9346  0.9265  0.3627  0.6987  0.8190  0.5444  0.8607  0.8607  0.3919  0.7895  0.8879  0.1503  0.000040
epoch:83 0.7984  0.9328  0.9203  0.3615  0.6891  0.8206  0.5427  0.8548  0.8548  0.3933  0.7774  0.8791  0.1508  0.000040
epoch:84 0.7989  0.9340  0.9197  0.3571  0.6905  0.8203  0.5444  0.8559  0.8559  0.3883  0.7790  0.8802  0.1516  0.000040
epoch:85 0.7961  0.9311  0.9208  0.3615  0.6895  0.8173  0.5411  0.8538  0.8538  0.3933  0.7802  0.8788  0.1507  0.000040
epoch:86 0.7971  0.9317  0.9193  0.3796  0.6926  0.8184  0.5429  0.8553  0.8553  0.4083  0.7828  0.8796  0.1508  0.000040
epoch:87 0.8014  0.9359  0.9253  0.3877  0.6949  0.8217  0.5431  0.8583  0.8583  0.4169  0.7810  0.8861  0.1509  0.000040
epoch:88 0.8005  0.9346  0.9243  0.3627  0.6940  0.8235  0.5421  0.8570  0.8570  0.3919  0.7805  0.8864  0.1505  0.000040
epoch:89 0.8006  0.9370  0.9245  0.3825  0.6880  0.8206  0.5430  0.8592  0.8592  0.4169  0.7820  0.8871  0.1507  0.000040
epoch:90 0.8028  0.9384  0.9281  0.3877  0.6990  0.8219  0.5433  0.8592  0.8592  0.4169  0.7866  0.8843  0.1507  0.000040
epoch:91 0.8011  0.9377  0.9274  0.3944  0.6950  0.8206  0.5432  0.8588  0.8588  0.4169  0.7837  0.8864  0.1507  0.000040
epoch:92 0.7988  0.9328  0.9221  0.3858  0.6889  0.8194  0.5433  0.8547  0.8547  0.4169  0.7797  0.8786  0.1505  0.000040
epoch:93 0.7998  0.9347  0.9243  0.3627  0.6964  0.8207  0.5416  0.8548  0.8548  0.3919  0.7798  0.8815  0.1514  0.000040
epoch:94 0.7985  0.9352  0.9227  0.3627  0.6949  0.8150  0.5449  0.8563  0.8563  0.3919  0.7841  0.8775  0.1500  0.000040
epoch:95 0.7973  0.9324  0.9232  0.3825  0.6910  0.8191  0.5424  0.8578  0.8578  0.4169  0.7831  0.8873  0.1504  0.000040
epoch:96 0.7973  0.9336  0.9190  0.3627  0.6895  0.8172  0.5423  0.8543  0.8543  0.3919  0.7760  0.8799  0.1500  0.000040
epoch:97 0.7964  0.9321  0.9216  0.3877  0.6938  0.8159  0.5429  0.8535  0.8535  0.4169  0.7815  0.8781  0.1498  0.000040
epoch:98 0.8019  0.9342  0.9262  0.3546  0.6982  0.8233  0.5436  0.8585  0.8585  0.3833  0.7878  0.8859  0.1502  0.000040
epoch:99 0.7979  0.9335  0.9231  0.3694  0.6928  0.8180  0.5415  0.8548  0.8548  0.3919  0.7808  0.8815  0.1505  0.000040
epoch:100 0.7982  0.9333  0.9230  0.3836  0.6907  0.8186  0.5413  0.8574  0.8574  0.4169  0.7826  0.8851  0.1497  0.000040
epoch:101 0.7987  0.9323  0.9198  0.3590  0.6912  0.8199  0.5414  0.8546  0.8546  0.3883  0.7803  0.8790  0.1500  0.000040
epoch:102 0.7991  0.9339  0.9236  0.3627  0.6955  0.8179  0.5423  0.8562  0.8562  0.3919  0.7822  0.8808  0.1498  0.000040
epoch:103 0.8003  0.9357  0.9253  0.3951  0.6950  0.8181  0.5444  0.8582  0.8582  0.4183  0.7838  0.8839  0.1501  0.000040
epoch:104 0.8031  0.9371  0.9246  0.3590  0.6898  0.8263  0.5445  0.8594  0.8594  0.3883  0.7776  0.8898  0.1497  0.000040
epoch:105 0.7974  0.9323  0.9197  0.3627  0.6900  0.8178  0.5434  0.8541  0.8541  0.3919  0.7782  0.8785  0.1496  0.000040
epoch:106 0.8028  0.9369  0.9225  0.3877  0.6974  0.8254  0.5437  0.8586  0.8586  0.4169  0.7881  0.8848  0.1499  0.000040
epoch:107 0.8029  0.9380  0.9277  0.3902  0.6986  0.8212  0.5464  0.8614  0.8614  0.4219  0.7881  0.8866  0.1496  0.000040
epoch:108 0.7980  0.9341  0.9237  0.3824  0.6909  0.8191  0.5421  0.8551  0.8551  0.4183  0.7792  0.8837  0.1494  0.000040
epoch:109 0.7983  0.9330  0.9204  0.3571  0.6891  0.8203  0.5424  0.8536  0.8536  0.3883  0.7769  0.8789  0.1492  0.000040
epoch:110 0.8024  0.9360  0.9280  0.3652  0.6977  0.8233  0.5427  0.8568  0.8568  0.3969  0.7852  0.8827  0.1499  0.000040
epoch:111 0.7986  0.9339  0.9231  0.3590  0.6905  0.8184  0.5435  0.8574  0.8574  0.3883  0.7810  0.8839  0.1494  0.000040
epoch:112 0.7975  0.9321  0.9195  0.3586  0.6909  0.8174  0.5435  0.8544  0.8544  0.3919  0.7792  0.8794  0.1500  0.000040
epoch:113 0.8010  0.9357  0.9272  0.3615  0.6937  0.8219  0.5442  0.8587  0.8587  0.3933  0.7842  0.8863  0.1492  0.000040
epoch:114 0.8009  0.9385  0.9240  0.3586  0.6899  0.8224  0.5446  0.8602  0.8602  0.3919  0.7810  0.8875  0.1489  0.000040
epoch:115 0.8014  0.9376  0.9273  0.3877  0.6979  0.8201  0.5433  0.8596  0.8596  0.4169  0.7873  0.8875  0.1493  0.000040
epoch:116 0.7982  0.9362  0.9217  0.3590  0.6898  0.8170  0.5419  0.8552  0.8552  0.3883  0.7795  0.8798  0.1493  0.000040
epoch:117 0.7995  0.9358  0.9255  0.3902  0.6945  0.8192  0.5421  0.8565  0.8565  0.4219  0.7825  0.8831  0.1488  0.000040
epoch:118 0.7995  0.9355  0.9253  0.3877  0.6972  0.8162  0.5439  0.8584  0.8584  0.4169  0.7870  0.8814  0.1498  0.000040
epoch:119 0.7995  0.9330  0.9227  0.3627  0.6945  0.8191  0.5437  0.8579  0.8579  0.3919  0.7815  0.8858  0.1500  0.000040
epoch:120 0.7991  0.9353  0.9228  0.3590  0.6911  0.8194  0.5430  0.8566  0.8566  0.3883  0.7790  0.8844  0.1490  0.000040
epoch:121 0.7980  0.9323  0.9198  0.3590  0.6888  0.8184  0.5425  0.8533  0.8533  0.3883  0.7769  0.8786  0.1497  0.000040
epoch:122 0.7975  0.9327  0.9225  0.3583  0.6910  0.8176  0.5415  0.8553  0.8553  0.3869  0.7793  0.8822  0.1497  0.000040
epoch:123 0.7994  0.9324  0.9222  0.3586  0.6887  0.8218  0.5419  0.8554  0.8554  0.3919  0.7773  0.8851  0.1494  0.000040
epoch:124 0.7994  0.9330  0.9226  0.3546  0.6933  0.8205  0.5432  0.8542  0.8542  0.3833  0.7805  0.8783  0.1494  0.000040
epoch:125 0.7959  0.9316  0.9211  0.3583  0.6913  0.8155  0.5419  0.8527  0.8527  0.3869  0.7789  0.8767  0.1486  0.000040
epoch:126 0.7968  0.9328  0.9223  0.3694  0.6963  0.8169  0.5429  0.8532  0.8532  0.3919  0.7812  0.8774  0.1488  0.000040
epoch:127 0.8002  0.9359  0.9256  0.3590  0.6900  0.8204  0.5429  0.8568  0.8568  0.3883  0.7791  0.8847  0.1478  0.000040
epoch:128 0.7984  0.9338  0.9233  0.3590  0.6910  0.8190  0.5423  0.8552  0.8552  0.3883  0.7795  0.8823  0.1484  0.000040
epoch:129 0.7974  0.9332  0.9227  0.3652  0.6944  0.8171  0.5423  0.8529  0.8529  0.3969  0.7794  0.8782  0.1497  0.000040
epoch:130 0.7981  0.9340  0.9214  0.3877  0.6866  0.8201  0.5412  0.8551  0.8551  0.4169  0.7757  0.8838  0.1485  0.000040
epoch:131 0.7982  0.9323  0.9221  0.3615  0.6944  0.8193  0.5425  0.8543  0.8543  0.3933  0.7850  0.8801  0.1487  0.000040
epoch:132 0.7965  0.9325  0.9182  0.3574  0.6910  0.8191  0.5409  0.8539  0.8539  0.3933  0.7835  0.8792  0.1490  0.000040
epoch:133 0.8007  0.9360  0.9259  0.3627  0.6953  0.8201  0.5418  0.8575  0.8575  0.3919  0.7836  0.8845  0.1492  0.000040
epoch:134 0.7964  0.9345  0.9203  0.3694  0.6919  0.8164  0.5422  0.8529  0.8529  0.3919  0.7791  0.8774  0.1489  0.000040
epoch:135 0.8009  0.9365  0.9260  0.3840  0.6874  0.8236  0.5434  0.8591  0.8591  0.4133  0.7834  0.8869  0.1490  0.000040
epoch:136 0.8001  0.9339  0.9236  0.3586  0.6914  0.8221  0.5438  0.8569  0.8569  0.3919  0.7817  0.8843  0.1492  0.000040
epoch:137 0.8000  0.9359  0.9235  0.3865  0.6874  0.8199  0.5418  0.8574  0.8574  0.4183  0.7771  0.8862  0.1476  0.000040
epoch:138 0.7998  0.9345  0.9259  0.3590  0.6932  0.8211  0.5423  0.8570  0.8570  0.3883  0.7823  0.8846  0.1488  0.000040
epoch:139 0.7989  0.9342  0.9236  0.3627  0.6966  0.8183  0.5420  0.8557  0.8557  0.3919  0.7869  0.8812  0.1481  0.000040
epoch:140 0.7963  0.9319  0.9197  0.3627  0.6863  0.8175  0.5415  0.8529  0.8529  0.3919  0.7750  0.8794  0.1477  0.000040
epoch:141 0.7996  0.9340  0.9258  0.3627  0.6930  0.8211  0.5414  0.8566  0.8566  0.3919  0.7816  0.8850  0.1481  0.000040
epoch:142 0.7970  0.9322  0.9178  0.3583  0.6897  0.8203  0.5424  0.8534  0.8534  0.3869  0.7757  0.8795  0.1491  0.000040
epoch:143 0.7969  0.9321  0.9219  0.3627  0.6913  0.8172  0.5416  0.8536  0.8536  0.3919  0.7796  0.8795  0.1478  0.000040
epoch:144 0.7985  0.9340  0.9217  0.3583  0.6876  0.8222  0.5418  0.8550  0.8550  0.3869  0.7769  0.8840  0.1478  0.000040
epoch:145 0.7970  0.9330  0.9206  0.3583  0.6887  0.8185  0.5416  0.8532  0.8532  0.3869  0.7761  0.8786  0.1477  0.000040
epoch:146 0.8001  0.9370  0.9226  0.3627  0.6934  0.8207  0.5431  0.8561  0.8561  0.3919  0.7802  0.8822  0.1478  0.000040
epoch:147 0.7950  0.9310  0.9205  0.3583  0.6930  0.8156  0.5411  0.8517  0.8517  0.3869  0.7779  0.8772  0.1476  0.000040
epoch:148 0.7967  0.9324  0.9222  0.3833  0.6863  0.8194  0.5426  0.8534  0.8534  0.4119  0.7767  0.8797  0.1481  0.000040
epoch:149 0.7981  0.9330  0.9228  0.3836  0.6889  0.8222  0.5423  0.8546  0.8546  0.4169  0.7789  0.8848  0.1482  0.000040
epoch:150 0.7967  0.9331  0.9227  0.3627  0.6985  0.8168  0.5409  0.8524  0.8524  0.3919  0.7803  0.8769  0.1471  0.000040
epoch:151 0.7963  0.9325  0.9197  0.3546  0.6903  0.8189  0.5416  0.8520  0.8520  0.3833  0.7769  0.8772  0.1478  0.000040
epoch:152 0.7994  0.9329  0.9203  0.3877  0.6961  0.8202  0.5433  0.8558  0.8558  0.4169  0.7874  0.8787  0.1478  0.000040
epoch:153 0.7968  0.9323  0.9181  0.3583  0.6851  0.8206  0.5422  0.8531  0.8531  0.3869  0.7736  0.8794  0.1481  0.000040
epoch:154 0.7976  0.9337  0.9209  0.3546  0.6881  0.8199  0.5429  0.8546  0.8546  0.3833  0.7758  0.8814  0.1481  0.000040
epoch:155 0.7959  0.9327  0.9201  0.3840  0.6889  0.8162  0.5415  0.8527  0.8527  0.4133  0.7757  0.8778  0.1478  0.000040
epoch:156 0.7964  0.9328  0.9186  0.3550  0.6864  0.8190  0.5418  0.8521  0.8521  0.3869  0.7736  0.8785  0.1483  0.000040
epoch:157 0.7999  0.9315  0.9230  0.3583  0.6918  0.8221  0.5422  0.8542  0.8542  0.3869  0.7766  0.8820  0.1468  0.000040
epoch:158 0.7952  0.9329  0.9203  0.3590  0.6909  0.8167  0.5417  0.8516  0.8516  0.3883  0.7759  0.8775  0.1476  0.000040
epoch:159 0.7990  0.9338  0.9236  0.3590  0.6960  0.8196  0.5425  0.8533  0.8533  0.3883  0.7820  0.8778  0.1481  0.000040
epoch:160 0.7988  0.9337  0.9212  0.3910  0.6893  0.8215  0.5425  0.8533  0.8533  0.4133  0.7780  0.8783  0.1479  0.000040
epoch:161 0.7983  0.9324  0.9202  0.3590  0.6895  0.8204  0.5428  0.8546  0.8546  0.3883  0.7770  0.8808  0.1468  0.000040
epoch:162 0.7993  0.9337  0.9255  0.3627  0.6990  0.8187  0.5429  0.8553  0.8553  0.3919  0.7876  0.8809  0.1467  0.000040
epoch:163 0.7974  0.9329  0.9227  0.3627  0.6894  0.8198  0.5400  0.8529  0.8529  0.3919  0.7778  0.8812  0.1472  0.000040
epoch:164 0.8012  0.9343  0.9260  0.3590  0.6929  0.8225  0.5437  0.8575  0.8575  0.3883  0.7831  0.8858  0.1472  0.000040
epoch:165 0.8005  0.9369  0.9226  0.3840  0.6948  0.8238  0.5431  0.8576  0.8576  0.4133  0.7864  0.8846  0.1470  0.000040
epoch:166 0.7972  0.9303  0.9180  0.3546  0.6875  0.8208  0.5414  0.8524  0.8524  0.3833  0.7753  0.8779  0.1470  0.000040
epoch:167 0.7938  0.9314  0.9188  0.3590  0.6874  0.8170  0.5384  0.8510  0.8510  0.3883  0.7750  0.8776  0.1469  0.000040
epoch:168 0.7977  0.9341  0.9237  0.3627  0.6890  0.8200  0.5424  0.8553  0.8553  0.3919  0.7814  0.8832  0.1471  0.000040
epoch:169 0.7954  0.9318  0.9175  0.3590  0.6900  0.8176  0.5408  0.8526  0.8526  0.3883  0.7828  0.8779  0.1472  0.000040
epoch:170 0.7997  0.9358  0.9257  0.3627  0.6954  0.8191  0.5419  0.8571  0.8571  0.3919  0.7829  0.8832  0.1479  0.000040
epoch:171 0.7977  0.9328  0.9202  0.3627  0.6887  0.8213  0.5424  0.8543  0.8543  0.3919  0.7738  0.8843  0.1462  0.000040
epoch:172 0.7990  0.9339  0.9211  0.3697  0.6905  0.8198  0.5422  0.8566  0.8566  0.4169  0.7794  0.8842  0.1472  0.000040
epoch:173 0.7996  0.9347  0.9245  0.3877  0.6988  0.8188  0.5439  0.8549  0.8549  0.4169  0.7843  0.8784  0.1468  0.000040
epoch:174 0.7985  0.9331  0.9250  0.3590  0.6948  0.8192  0.5430  0.8540  0.8540  0.3883  0.7827  0.8795  0.1460  0.000040
epoch:175 0.7986  0.9316  0.9230  0.3590  0.6935  0.8211  0.5433  0.8557  0.8557  0.3883  0.7836  0.8847  0.1476  0.000040
epoch:176 0.7987  0.9344  0.9218  0.3590  0.6854  0.8228  0.5423  0.8555  0.8555  0.3883  0.7764  0.8860  0.1475  0.000040
epoch:177 0.7973  0.9327  0.9225  0.3590  0.6918  0.8175  0.5425  0.8523  0.8523  0.3883  0.7789  0.8779  0.1458  0.000040
epoch:178 0.7986  0.9332  0.9231  0.3840  0.6933  0.8204  0.5428  0.8535  0.8535  0.4133  0.7820  0.8784  0.1460  0.000040
epoch:179 0.8013  0.9314  0.9254  0.3590  0.6948  0.8228  0.5447  0.8561  0.8561  0.3883  0.7850  0.8812  0.1460  0.000040
epoch:180 0.7938  0.9319  0.9173  0.3910  0.6899  0.8173  0.5407  0.8510  0.8510  0.4133  0.7714  0.8769  0.1474  0.000040
epoch:181 0.7990  0.9334  0.9233  0.3793  0.6976  0.8191  0.5426  0.8541  0.8541  0.4086  0.7873  0.8781  0.1467  0.000040
epoch:182 0.7975  0.9348  0.9239  0.3833  0.6908  0.8195  0.5411  0.8538  0.8538  0.4119  0.7786  0.8828  0.1473  0.000040
epoch:183 0.7956  0.9316  0.9171  0.3615  0.6882  0.8180  0.5419  0.8515  0.8515  0.3833  0.7743  0.8783  0.1472  0.000040
epoch:184 0.8018  0.9345  0.9246  0.3840  0.6910  0.8242  0.5441  0.8592  0.8592  0.4133  0.7827  0.8880  0.1474  0.000040
epoch:185 0.7970  0.9309  0.9222  0.3590  0.6876  0.8203  0.5422  0.8525  0.8525  0.3883  0.7757  0.8811  0.1465  0.000040
epoch:186 0.7967  0.9324  0.9222  0.3877  0.6894  0.8185  0.5410  0.8529  0.8529  0.4169  0.7779  0.8812  0.1473  0.000040
epoch:187 0.7977  0.9352  0.9247  0.3840  0.6897  0.8211  0.5429  0.8562  0.8562  0.4133  0.7829  0.8828  0.1449  0.000040
epoch:188 0.7975  0.9338  0.9228  0.3836  0.6953  0.8182  0.5435  0.8552  0.8552  0.4169  0.7787  0.8813  0.1461  0.000040
epoch:189 0.7993  0.9348  0.9245  0.3877  0.6910  0.8201  0.5434  0.8559  0.8559  0.4169  0.7799  0.8837  0.1467  0.000040
epoch:190 0.7992  0.9303  0.9243  0.3627  0.6999  0.8202  0.5420  0.8546  0.8546  0.3919  0.7846  0.8818  0.1460  0.000040
epoch:191 0.7941  0.9296  0.9214  0.3590  0.6886  0.8165  0.5394  0.8511  0.8511  0.3883  0.7759  0.8790  0.1465  0.000040
epoch:192 0.7976  0.9346  0.9225  0.3877  0.6882  0.8211  0.5426  0.8561  0.8561  0.4169  0.7757  0.8839  0.1467  0.000040
epoch:193 0.7966  0.9295  0.9212  0.3590  0.6993  0.8182  0.5418  0.8544  0.8544  0.3883  0.7874  0.8792  0.1467  0.000040
epoch:194 0.7969  0.9321  0.9197  0.3590  0.6910  0.8187  0.5421  0.8524  0.8524  0.3883  0.7744  0.8780  0.1466  0.000040
epoch:195 0.7967  0.9325  0.9195  0.3590  0.6973  0.8195  0.5413  0.8519  0.8519  0.3883  0.7791  0.8777  0.1467  0.000040
epoch:196 0.7993  0.9339  0.9235  0.3546  0.6905  0.8215  0.5423  0.8552  0.8552  0.3833  0.7757  0.8835  0.1461  0.000040
epoch:197 0.7964  0.9312  0.9209  0.3627  0.6874  0.8192  0.5405  0.8516  0.8516  0.3919  0.7779  0.8776  0.1460  0.000040
epoch:198 0.7956  0.9300  0.9197  0.3627  0.6851  0.8217  0.5398  0.8526  0.8526  0.3919  0.7733  0.8831  0.1460  0.000040
epoch:199 0.7968  0.9297  0.9195  0.3627  0.6896  0.8208  0.5394  0.8513  0.8513  0.3919  0.7765  0.8790  0.1455  0.000040
