epoch:0 0.6593  0.8831  0.8014  0.0767  0.4984  0.7403  0.4664  0.7788  0.7789  0.2100  0.7279  0.8067  1.3066  0.004000
epoch:1 0.7300  0.9155  0.8834  0.1551  0.5961  0.8106  0.5020  0.8126  0.8126  0.3798  0.7472  0.8478  0.3823  0.004000
epoch:2 0.7548  0.9371  0.9133  0.2017  0.6359  0.8118  0.5135  0.8258  0.8258  0.3693  0.7726  0.8457  0.3023  0.004000
epoch:3 0.7685  0.9361  0.9211  0.1643  0.6368  0.8300  0.5273  0.8395  0.8395  0.3829  0.7766  0.8686  0.2737  0.004000
epoch:4 0.7752  0.9398  0.9214  0.2392  0.6621  0.8319  0.5265  0.8410  0.8410  0.4248  0.7779  0.8674  0.2508  0.004000
epoch:5 0.7726  0.9464  0.9353  0.1709  0.6528  0.8185  0.5224  0.8325  0.8325  0.3090  0.7754  0.8534  0.2400  0.004000
epoch:6 0.7747  0.9459  0.9300  0.1758  0.6501  0.8243  0.5236  0.8324  0.8324  0.3007  0.7696  0.8575  0.2290  0.004000
epoch:7 0.7743  0.9467  0.9324  0.1866  0.6420  0.8254  0.5244  0.8340  0.8340  0.3140  0.7714  0.8588  0.2217  0.004000
epoch:8 0.7733  0.9304  0.9149  0.2043  0.6237  0.8437  0.5338  0.8382  0.8382  0.3726  0.7523  0.8767  0.2110  0.004000
epoch:9 0.7802  0.9385  0.9244  0.1879  0.6451  0.8315  0.5319  0.8451  0.8451  0.3007  0.7824  0.8654  0.2073  0.004000
epoch:10 0.7717  0.9362  0.9217  0.2009  0.6494  0.8190  0.5279  0.8363  0.8363  0.3276  0.7795  0.8537  0.2014  0.004000
epoch:11 0.7732  0.9407  0.9286  0.1619  0.6410  0.8268  0.5222  0.8315  0.8315  0.2736  0.7597  0.8587  0.1924  0.004000
epoch:12 0.7706  0.9364  0.9201  0.1529  0.6260  0.8259  0.5244  0.8300  0.8300  0.2657  0.7527  0.8575  0.1850  0.004000
epoch:13 0.7769  0.9280  0.9177  0.1460  0.6505  0.8199  0.5262  0.8351  0.8351  0.3086  0.7783  0.8506  0.1803  0.004000
epoch:14 0.7805  0.9345  0.9268  0.1951  0.6625  0.8310  0.5279  0.8395  0.8395  0.2762  0.7804  0.8644  0.1827  0.004000
epoch:15 0.7775  0.9348  0.9238  0.1605  0.6642  0.8256  0.5246  0.8372  0.8372  0.2836  0.7772  0.8569  0.1742  0.004000
epoch:16 0.7706  0.9310  0.9210  0.1531  0.6493  0.8230  0.5203  0.8293  0.8293  0.2671  0.7601  0.8573  0.1639  0.000400
epoch:17 0.7741  0.9369  0.9217  0.1663  0.6512  0.8261  0.5236  0.8334  0.8334  0.2936  0.7639  0.8609  0.1601  0.000400
epoch:18 0.7717  0.9358  0.9260  0.1694  0.6494  0.8208  0.5177  0.8271  0.8271  0.2986  0.7623  0.8526  0.1594  0.000400
epoch:19 0.7758  0.9375  0.9272  0.1652  0.6477  0.8289  0.5249  0.8343  0.8343  0.2786  0.7627  0.8629  0.1582  0.000400
epoch:20 0.7742  0.9383  0.9282  0.1703  0.6526  0.8263  0.5221  0.8313  0.8313  0.2886  0.7647  0.8600  0.1564  0.000400
epoch:21 0.7790  0.9383  0.9282  0.1448  0.6535  0.8308  0.5235  0.8332  0.8332  0.2286  0.7641  0.8627  0.1568  0.000400
epoch:22 0.7777  0.9391  0.9294  0.1479  0.6523  0.8303  0.5241  0.8330  0.8330  0.2336  0.7626  0.8620  0.1546  0.000040
epoch:23 0.7737  0.9353  0.9274  0.1627  0.6532  0.8261  0.5216  0.8295  0.8295  0.2786  0.7606  0.8601  0.1546  0.000040
epoch:24 0.7769  0.9362  0.9260  0.1654  0.6526  0.8280  0.5219  0.8313  0.8313  0.2621  0.7631  0.8590  0.1543  0.000040
epoch:25 0.7753  0.9357  0.9295  0.1561  0.6501  0.8252  0.5215  0.8303  0.8303  0.2371  0.7656  0.8580  0.1540  0.000040
epoch:26 0.7764  0.9390  0.9268  0.1516  0.6500  0.8295  0.5240  0.8325  0.8325  0.2371  0.7595  0.8624  0.1545  0.000040
epoch:27 0.7778  0.9400  0.9299  0.1523  0.6511  0.8298  0.5231  0.8329  0.8329  0.2386  0.7632  0.8627  0.1544  0.000040
epoch:28 0.7738  0.9346  0.9245  0.1594  0.6514  0.8252  0.5208  0.8295  0.8295  0.2571  0.7615  0.8564  0.1544  0.000040
epoch:29 0.7778  0.9378  0.9293  0.1572  0.6558  0.8306  0.5260  0.8351  0.8351  0.2636  0.7655  0.8627  0.1539  0.000040
epoch:30 0.7726  0.9340  0.9221  0.1612  0.6521  0.8214  0.5196  0.8269  0.8269  0.2571  0.7614  0.8521  0.1543  0.000040
epoch:31 0.7755  0.9377  0.9275  0.1458  0.6543  0.8292  0.5224  0.8310  0.8310  0.2286  0.7619  0.8609  0.1551  0.000040
epoch:32 0.7742  0.9322  0.9239  0.1569  0.6580  0.8244  0.5226  0.8277  0.8277  0.2536  0.7635  0.8539  0.1540  0.000040
epoch:33 0.7774  0.9384  0.9278  0.1612  0.6544  0.8310  0.5241  0.8341  0.8341  0.2571  0.7702  0.8627  0.1538  0.000040
epoch:34 0.7761  0.9346  0.9262  0.1569  0.6568  0.8253  0.5226  0.8309  0.8309  0.2536  0.7640  0.8564  0.1540  0.000040
epoch:35 0.7767  0.9380  0.9300  0.1490  0.6553  0.8281  0.5227  0.8314  0.8314  0.2336  0.7649  0.8606  0.1532  0.000040
epoch:36 0.7765  0.9363  0.9258  0.1520  0.6471  0.8295  0.5214  0.8312  0.8312  0.2386  0.7602  0.8623  0.1534  0.000040
epoch:37 0.7760  0.9391  0.9269  0.1583  0.6506  0.8291  0.5233  0.8322  0.8322  0.2536  0.7610  0.8619  0.1542  0.000040
epoch:38 0.7746  0.9369  0.9246  0.1599  0.6488  0.8285  0.5210  0.8303  0.8303  0.2586  0.7601  0.8603  0.1541  0.000040
epoch:39 0.7741  0.9351  0.9245  0.1497  0.6527  0.8268  0.5210  0.8288  0.8288  0.2371  0.7598  0.8585  0.1527  0.000040
epoch:40 0.7754  0.9326  0.9262  0.1569  0.6640  0.8240  0.5229  0.8297  0.8297  0.2536  0.7722  0.8545  0.1530  0.000040
epoch:41 0.7759  0.9375  0.9253  0.1646  0.6558  0.8245  0.5222  0.8292  0.8292  0.2586  0.7628  0.8537  0.1537  0.000040
epoch:42 0.7731  0.9336  0.9237  0.1615  0.6584  0.8232  0.5212  0.8279  0.8279  0.2586  0.7671  0.8530  0.1531  0.000040
epoch:43 0.7756  0.9357  0.9272  0.1460  0.6569  0.8278  0.5215  0.8311  0.8311  0.2336  0.7671  0.8596  0.1530  0.000040
epoch:44 0.7767  0.9386  0.9286  0.1460  0.6552  0.8298  0.5234  0.8324  0.8324  0.2336  0.7629  0.8617  0.1533  0.000040
epoch:45 0.7734  0.9324  0.9222  0.1452  0.6549  0.8236  0.5208  0.8269  0.8269  0.2336  0.7638  0.8530  0.1529  0.000040
epoch:46 0.7722  0.9333  0.9234  0.1452  0.6556  0.8232  0.5200  0.8264  0.8264  0.2336  0.7599  0.8526  0.1533  0.000040
epoch:47 0.7750  0.9346  0.9268  0.1631  0.6575  0.8237  0.5230  0.8284  0.8284  0.2636  0.7621  0.8537  0.1536  0.000040
epoch:48 0.7747  0.9359  0.9275  0.1432  0.6551  0.8268  0.5212  0.8287  0.8287  0.2286  0.7599  0.8582  0.1525  0.000040
epoch:49 0.7744  0.9350  0.9267  0.1452  0.6523  0.8277  0.5225  0.8296  0.8296  0.2336  0.7610  0.8593  0.1525  0.000040
epoch:50 0.7720  0.9320  0.9238  0.1476  0.6548  0.8224  0.5214  0.8259  0.8259  0.2386  0.7603  0.8525  0.1526  0.000040
epoch:51 0.7755  0.9364  0.9261  0.1627  0.6546  0.8257  0.5219  0.8294  0.8294  0.2586  0.7631  0.8581  0.1525  0.000040
epoch:52 0.7756  0.9360  0.9256  0.1627  0.6542  0.8277  0.5215  0.8304  0.8304  0.2586  0.7614  0.8594  0.1535  0.000040
epoch:53 0.7736  0.9342  0.9243  0.1569  0.6547  0.8274  0.5214  0.8293  0.8293  0.2536  0.7631  0.8594  0.1521  0.000040
epoch:54 0.7750  0.9350  0.9268  0.1585  0.6576  0.8249  0.5221  0.8275  0.8275  0.2586  0.7597  0.8562  0.1524  0.000040
epoch:55 0.7730  0.9356  0.9255  0.1590  0.6521  0.8277  0.5209  0.8284  0.8284  0.2636  0.7588  0.8594  0.1523  0.000040
epoch:56 0.7779  0.9387  0.9287  0.1627  0.6573  0.8271  0.5242  0.8322  0.8322  0.2586  0.7645  0.8587  0.1517  0.000040
epoch:57 0.7753  0.9358  0.9274  0.1460  0.6559  0.8268  0.5225  0.8294  0.8294  0.2336  0.7603  0.8591  0.1515  0.000040
epoch:58 0.7726  0.9332  0.9253  0.1665  0.6557  0.8218  0.5210  0.8256  0.8256  0.2636  0.7605  0.8519  0.1524  0.000040
epoch:59 0.7751  0.9364  0.9282  0.1633  0.6583  0.8260  0.5221  0.8286  0.8286  0.2586  0.7606  0.8579  0.1522  0.000040
epoch:60 0.7760  0.9354  0.9269  0.1513  0.6613  0.8292  0.5222  0.8307  0.8307  0.2421  0.7664  0.8600  0.1526  0.000040
epoch:61 0.7716  0.9340  0.9242  0.1605  0.6553  0.8235  0.5210  0.8253  0.8253  0.2536  0.7618  0.8541  0.1526  0.000040
epoch:62 0.7737  0.9338  0.9257  0.1583  0.6570  0.8253  0.5216  0.8283  0.8283  0.2536  0.7655  0.8558  0.1520  0.000040
epoch:63 0.7737  0.9352  0.9251  0.1460  0.6567  0.8262  0.5209  0.8281  0.8281  0.2336  0.7618  0.8582  0.1522  0.000040
epoch:64 0.7708  0.9299  0.9196  0.1585  0.6510  0.8241  0.5191  0.8248  0.8248  0.2586  0.7554  0.8536  0.1522  0.000040
epoch:65 0.7752  0.9359  0.9280  0.1488  0.6557  0.8275  0.5209  0.8298  0.8298  0.2336  0.7618  0.8589  0.1515  0.000040
epoch:66 0.7732  0.9333  0.9249  0.1649  0.6523  0.8227  0.5213  0.8282  0.8282  0.2586  0.7633  0.8519  0.1520  0.000040
epoch:67 0.7753  0.9356  0.9275  0.1460  0.6566  0.8273  0.5230  0.8293  0.8293  0.2336  0.7620  0.8578  0.1517  0.000040
epoch:68 0.7768  0.9357  0.9272  0.1490  0.6549  0.8301  0.5223  0.8317  0.8317  0.2336  0.7634  0.8615  0.1518  0.000040
epoch:69 0.7749  0.9346  0.9263  0.1460  0.6532  0.8297  0.5220  0.8309  0.8309  0.2336  0.7612  0.8614  0.1520  0.000040
epoch:70 0.7737  0.9345  0.9244  0.1444  0.6527  0.8241  0.5212  0.8268  0.8268  0.2286  0.7574  0.8533  0.1522  0.000040
epoch:71 0.7754  0.9372  0.9250  0.1444  0.6552  0.8276  0.5224  0.8296  0.8296  0.2286  0.7607  0.8589  0.1517  0.000040
epoch:72 0.7727  0.9315  0.9213  0.1572  0.6518  0.8251  0.5226  0.8274  0.8274  0.2536  0.7604  0.8545  0.1512  0.000040
epoch:73 0.7720  0.9313  0.9231  0.1452  0.6518  0.8246  0.5197  0.8267  0.8267  0.2336  0.7604  0.8538  0.1503  0.000040
epoch:74 0.7732  0.9349  0.9246  0.1444  0.6494  0.8269  0.5220  0.8281  0.8281  0.2286  0.7557  0.8590  0.1514  0.000040
epoch:75 0.7724  0.9346  0.9244  0.1460  0.6569  0.8233  0.5209  0.8262  0.8262  0.2336  0.7564  0.8538  0.1516  0.000040
epoch:76 0.7732  0.9352  0.9229  0.1448  0.6541  0.8238  0.5210  0.8255  0.8255  0.2286  0.7575  0.8525  0.1505  0.000040
epoch:77 0.7796  0.9405  0.9319  0.1495  0.6603  0.8297  0.5242  0.8337  0.8337  0.2386  0.7662  0.8617  0.1511  0.000040
epoch:78 0.7764  0.9370  0.9289  0.1585  0.6582  0.8276  0.5212  0.8297  0.8297  0.2586  0.7606  0.8590  0.1508  0.000040
epoch:79 0.7766  0.9394  0.9293  0.1615  0.6588  0.8271  0.5226  0.8298  0.8298  0.2586  0.7617  0.8586  0.1509  0.000040
epoch:80 0.7713  0.9333  0.9212  0.1569  0.6508  0.8259  0.5216  0.8259  0.8259  0.2536  0.7568  0.8565  0.1513  0.000040
epoch:81 0.7742  0.9343  0.9259  0.1447  0.6559  0.8266  0.5213  0.8277  0.8277  0.2336  0.7602  0.8584  0.1512  0.000040
epoch:82 0.7765  0.9366  0.9264  0.1569  0.6585  0.8314  0.5239  0.8333  0.8333  0.2536  0.7668  0.8634  0.1503  0.000040
epoch:83 0.7738  0.9347  0.9224  0.1583  0.6521  0.8246  0.5217  0.8270  0.8270  0.2536  0.7572  0.8543  0.1508  0.000040
epoch:84 0.7718  0.9340  0.9220  0.1572  0.6503  0.8232  0.5213  0.8261  0.8261  0.2536  0.7586  0.8525  0.1516  0.000040
epoch:85 0.7704  0.9313  0.9231  0.1479  0.6521  0.8221  0.5199  0.8249  0.8249  0.2336  0.7589  0.8524  0.1507  0.000040
epoch:86 0.7717  0.9317  0.9216  0.1583  0.6538  0.8244  0.5211  0.8260  0.8260  0.2536  0.7618  0.8524  0.1508  0.000040
epoch:87 0.7737  0.9340  0.9257  0.1572  0.6578  0.8261  0.5217  0.8288  0.8288  0.2586  0.7608  0.8591  0.1509  0.000040
epoch:88 0.7752  0.9348  0.9266  0.1572  0.6574  0.8277  0.5217  0.8285  0.8285  0.2586  0.7582  0.8598  0.1505  0.000040
epoch:89 0.7762  0.9371  0.9267  0.1474  0.6514  0.8296  0.5221  0.8309  0.8309  0.2336  0.7598  0.8618  0.1507  0.000040
epoch:90 0.7761  0.9387  0.9302  0.1569  0.6599  0.8262  0.5214  0.8297  0.8297  0.2536  0.7633  0.8580  0.1507  0.000040
epoch:91 0.7771  0.9379  0.9296  0.1605  0.6578  0.8294  0.5225  0.8310  0.8310  0.2536  0.7638  0.8612  0.1507  0.000040
epoch:92 0.7737  0.9328  0.9225  0.1572  0.6507  0.8243  0.5222  0.8277  0.8277  0.2536  0.7599  0.8537  0.1505  0.000040
epoch:93 0.7735  0.9349  0.9267  0.1583  0.6575  0.8242  0.5200  0.8262  0.8262  0.2536  0.7583  0.8556  0.1514  0.000040
epoch:94 0.7738  0.9352  0.9250  0.1569  0.6537  0.8221  0.5231  0.8273  0.8273  0.2536  0.7606  0.8515  0.1500  0.000040
epoch:95 0.7741  0.9325  0.9244  0.1577  0.6546  0.8299  0.5215  0.8302  0.8302  0.2586  0.7614  0.8620  0.1504  0.000040
epoch:96 0.7725  0.9336  0.9233  0.1569  0.6517  0.8242  0.5219  0.8261  0.8261  0.2536  0.7568  0.8534  0.1500  0.000040
epoch:97 0.7716  0.9320  0.9238  0.1615  0.6539  0.8231  0.5211  0.8246  0.8246  0.2586  0.7582  0.8523  0.1498  0.000040
epoch:98 0.7761  0.9362  0.9262  0.1583  0.6603  0.8299  0.5222  0.8302  0.8302  0.2536  0.7654  0.8606  0.1502  0.000040
epoch:99 0.7730  0.9319  0.9253  0.1468  0.6539  0.8248  0.5202  0.8270  0.8270  0.2336  0.7588  0.8559  0.1505  0.000040
epoch:100 0.7740  0.9334  0.9233  0.1415  0.6531  0.8298  0.5207  0.8289  0.8289  0.2286  0.7594  0.8604  0.1497  0.000040
epoch:101 0.7734  0.9323  0.9222  0.1569  0.6513  0.8256  0.5199  0.8264  0.8264  0.2536  0.7580  0.8541  0.1500  0.000040
epoch:102 0.7736  0.9340  0.9259  0.1460  0.6583  0.8240  0.5213  0.8272  0.8272  0.2336  0.7607  0.8550  0.1498  0.000040
epoch:103 0.7756  0.9377  0.9277  0.1665  0.6568  0.8264  0.5234  0.8301  0.8301  0.2636  0.7629  0.8583  0.1501  0.000040
epoch:104 0.7777  0.9371  0.9271  0.1615  0.6521  0.8322  0.5227  0.8304  0.8304  0.2586  0.7560  0.8628  0.1497  0.000040
epoch:105 0.7714  0.9323  0.9223  0.1555  0.6521  0.8226  0.5217  0.8254  0.8254  0.2536  0.7565  0.8529  0.1496  0.000040
epoch:106 0.7774  0.9368  0.9268  0.1572  0.6577  0.8295  0.5227  0.8309  0.8309  0.2536  0.7657  0.8600  0.1499  0.000040
epoch:107 0.7763  0.9380  0.9298  0.1569  0.6577  0.8274  0.5234  0.8312  0.8312  0.2536  0.7652  0.8596  0.1496  0.000040
epoch:108 0.7738  0.9322  0.9239  0.1464  0.6537  0.8274  0.5214  0.8275  0.8275  0.2336  0.7591  0.8588  0.1494  0.000040
epoch:109 0.7723  0.9329  0.9225  0.1569  0.6491  0.8241  0.5215  0.8251  0.8251  0.2536  0.7541  0.8536  0.1492  0.000040
epoch:110 0.7760  0.9362  0.9279  0.1447  0.6620  0.8253  0.5216  0.8277  0.8277  0.2336  0.7640  0.8555  0.1499  0.000040
epoch:111 0.7728  0.9339  0.9236  0.1444  0.6500  0.8262  0.5209  0.8275  0.8275  0.2286  0.7567  0.8577  0.1494  0.000040
epoch:112 0.7724  0.9320  0.9215  0.1444  0.6536  0.8248  0.5217  0.8250  0.8250  0.2336  0.7568  0.8533  0.1500  0.000040
epoch:113 0.7760  0.9361  0.9277  0.1561  0.6552  0.8288  0.5229  0.8302  0.8302  0.2550  0.7640  0.8603  0.1492  0.000040
epoch:114 0.7764  0.9366  0.9244  0.1475  0.6532  0.8301  0.5230  0.8317  0.8317  0.2336  0.7605  0.8616  0.1489  0.000040
epoch:115 0.7765  0.9379  0.9295  0.1601  0.6583  0.8289  0.5220  0.8307  0.8307  0.2636  0.7635  0.8605  0.1493  0.000040
epoch:116 0.7745  0.9342  0.9261  0.1615  0.6507  0.8263  0.5213  0.8279  0.8279  0.2586  0.7583  0.8561  0.1493  0.000040
epoch:117 0.7747  0.9361  0.9277  0.1615  0.6555  0.8258  0.5209  0.8280  0.8280  0.2586  0.7606  0.8577  0.1488  0.000040
epoch:118 0.7754  0.9376  0.9275  0.1610  0.6595  0.8259  0.5233  0.8301  0.8301  0.2650  0.7663  0.8559  0.1498  0.000040
epoch:119 0.7728  0.9350  0.9249  0.1447  0.6541  0.8270  0.5215  0.8278  0.8278  0.2336  0.7578  0.8588  0.1500  0.000040
epoch:120 0.7737  0.9356  0.9251  0.1593  0.6515  0.8258  0.5207  0.8280  0.8280  0.2586  0.7564  0.8580  0.1490  0.000040
epoch:121 0.7717  0.9324  0.9220  0.1585  0.6500  0.8226  0.5212  0.8244  0.8244  0.2586  0.7551  0.8520  0.1497  0.000040
epoch:122 0.7718  0.9329  0.9248  0.1460  0.6542  0.8235  0.5200  0.8260  0.8260  0.2336  0.7585  0.8547  0.1497  0.000040
epoch:123 0.7730  0.9344  0.9243  0.1557  0.6532  0.8271  0.5206  0.8264  0.8264  0.2536  0.7573  0.8581  0.1494  0.000040
epoch:124 0.7729  0.9333  0.9229  0.1444  0.6546  0.8234  0.5212  0.8254  0.8254  0.2286  0.7575  0.8531  0.1494  0.000040
epoch:125 0.7713  0.9319  0.9236  0.1555  0.6501  0.8223  0.5215  0.8256  0.8256  0.2536  0.7567  0.8528  0.1486  0.000040
epoch:126 0.7718  0.9328  0.9246  0.1649  0.6564  0.8214  0.5215  0.8256  0.8256  0.2586  0.7605  0.8524  0.1488  0.000040
epoch:127 0.7767  0.9361  0.9279  0.1631  0.6553  0.8274  0.5229  0.8295  0.8295  0.2636  0.7621  0.8584  0.1478  0.000040
epoch:128 0.7749  0.9338  0.9255  0.1598  0.6542  0.8258  0.5223  0.8280  0.8280  0.2586  0.7599  0.8564  0.1484  0.000040
epoch:129 0.7730  0.9332  0.9249  0.1555  0.6560  0.8239  0.5215  0.8252  0.8252  0.2536  0.7596  0.8526  0.1497  0.000040
epoch:130 0.7738  0.9339  0.9234  0.1572  0.6517  0.8280  0.5213  0.8279  0.8279  0.2536  0.7572  0.8595  0.1485  0.000040
epoch:131 0.7727  0.9326  0.9242  0.1615  0.6564  0.8226  0.5213  0.8260  0.8260  0.2636  0.7635  0.8532  0.1487  0.000040
epoch:132 0.7716  0.9325  0.9203  0.1510  0.6527  0.8248  0.5189  0.8241  0.8241  0.2286  0.7610  0.8523  0.1490  0.000040
epoch:133 0.7759  0.9362  0.9280  0.1444  0.6562  0.8276  0.5209  0.8283  0.8283  0.2286  0.7595  0.8581  0.1492  0.000040
epoch:134 0.7739  0.9345  0.9245  0.1603  0.6540  0.8235  0.5217  0.8265  0.8265  0.2536  0.7588  0.8526  0.1489  0.000040
epoch:135 0.7770  0.9368  0.9283  0.1502  0.6530  0.8298  0.5226  0.8318  0.8318  0.2336  0.7651  0.8622  0.1490  0.000040
epoch:136 0.7733  0.9340  0.9240  0.1553  0.6516  0.8271  0.5219  0.8276  0.8276  0.2336  0.7585  0.8581  0.1492  0.000040
epoch:137 0.7751  0.9359  0.9257  0.1458  0.6505  0.8277  0.5206  0.8292  0.8292  0.2286  0.7584  0.8608  0.1476  0.000040
epoch:138 0.7761  0.9345  0.9262  0.1633  0.6561  0.8270  0.5221  0.8296  0.8296  0.2686  0.7620  0.8587  0.1488  0.000040
epoch:139 0.7741  0.9342  0.9258  0.1406  0.6566  0.8262  0.5214  0.8274  0.8274  0.2250  0.7648  0.8558  0.1481  0.000040
epoch:140 0.7719  0.9322  0.9240  0.1555  0.6503  0.8227  0.5203  0.8244  0.8244  0.2536  0.7563  0.8520  0.1477  0.000040
epoch:141 0.7748  0.9343  0.9261  0.1585  0.6548  0.8276  0.5209  0.8289  0.8289  0.2586  0.7595  0.8587  0.1481  0.000040
epoch:142 0.7710  0.9321  0.9201  0.1633  0.6530  0.8234  0.5212  0.8251  0.8251  0.2536  0.7570  0.8538  0.1491  0.000040
epoch:143 0.7728  0.9322  0.9241  0.1555  0.6566  0.8249  0.5209  0.8258  0.8258  0.2536  0.7604  0.8539  0.1478  0.000040
epoch:144 0.7741  0.9343  0.9238  0.1447  0.6519  0.8268  0.5202  0.8270  0.8270  0.2286  0.7587  0.8581  0.1478  0.000040
epoch:145 0.7730  0.9350  0.9227  0.1572  0.6522  0.8238  0.5213  0.8254  0.8254  0.2536  0.7571  0.8527  0.1477  0.000040
epoch:146 0.7739  0.9370  0.9248  0.1613  0.6540  0.8253  0.5210  0.8265  0.8265  0.2586  0.7578  0.8547  0.1478  0.000040
epoch:147 0.7705  0.9310  0.9207  0.1569  0.6543  0.8226  0.5213  0.8243  0.8243  0.2536  0.7560  0.8532  0.1476  0.000040
epoch:148 0.7734  0.9327  0.9243  0.1613  0.6557  0.8242  0.5222  0.8262  0.8262  0.2586  0.7620  0.8533  0.1481  0.000040
epoch:149 0.7744  0.9349  0.9249  0.1435  0.6528  0.8288  0.5221  0.8267  0.8267  0.2336  0.7569  0.8593  0.1482  0.000040
epoch:150 0.7719  0.9351  0.9249  0.1555  0.6612  0.8219  0.5202  0.8242  0.8242  0.2536  0.7567  0.8518  0.1471  0.000040
epoch:151 0.7729  0.9325  0.9219  0.1650  0.6510  0.8242  0.5212  0.8248  0.8248  0.2536  0.7546  0.8524  0.1478  0.000040
epoch:152 0.7740  0.9329  0.9228  0.1665  0.6558  0.8252  0.5216  0.8266  0.8266  0.2586  0.7619  0.8535  0.1478  0.000040
epoch:153 0.7734  0.9323  0.9224  0.1543  0.6499  0.8261  0.5217  0.8253  0.8253  0.2386  0.7563  0.8547  0.1481  0.000040
epoch:154 0.7726  0.9318  0.9213  0.1613  0.6526  0.8253  0.5224  0.8267  0.8267  0.2500  0.7568  0.8561  0.1481  0.000040
epoch:155 0.7731  0.9326  0.9222  0.1555  0.6539  0.8236  0.5213  0.8257  0.8257  0.2536  0.7605  0.8527  0.1478  0.000040
epoch:156 0.7712  0.9309  0.9210  0.1439  0.6511  0.8242  0.5215  0.8244  0.8244  0.2286  0.7548  0.8536  0.1483  0.000040
epoch:157 0.7719  0.9315  0.9232  0.1525  0.6521  0.8250  0.5198  0.8237  0.8237  0.2336  0.7557  0.8551  0.1468  0.000040
epoch:158 0.7726  0.9329  0.9224  0.1613  0.6542  0.8231  0.5215  0.8249  0.8249  0.2586  0.7553  0.8533  0.1476  0.000040
epoch:159 0.7726  0.9338  0.9259  0.1598  0.6569  0.8219  0.5209  0.8243  0.8243  0.2586  0.7591  0.8514  0.1481  0.000040
epoch:160 0.7745  0.9339  0.9234  0.1681  0.6549  0.8246  0.5219  0.8259  0.8259  0.2536  0.7601  0.8531  0.1479  0.000040
epoch:161 0.7733  0.9326  0.9223  0.1572  0.6556  0.8243  0.5210  0.8258  0.8258  0.2536  0.7597  0.8533  0.1468  0.000040
epoch:162 0.7747  0.9337  0.9257  0.1652  0.6601  0.8255  0.5221  0.8280  0.8280  0.2586  0.7639  0.8565  0.1467  0.000040
epoch:163 0.7738  0.9332  0.9230  0.1444  0.6549  0.8262  0.5194  0.8252  0.8252  0.2286  0.7577  0.8558  0.1472  0.000040
epoch:164 0.7754  0.9342  0.9264  0.1555  0.6563  0.8265  0.5224  0.8289  0.8289  0.2536  0.7649  0.8586  0.1472  0.000040
epoch:165 0.7763  0.9369  0.9245  0.1650  0.6608  0.8270  0.5225  0.8294  0.8294  0.2536  0.7679  0.8586  0.1470  0.000040
epoch:166 0.7719  0.9322  0.9202  0.1569  0.6503  0.8245  0.5209  0.8249  0.8249  0.2536  0.7543  0.8543  0.1470  0.000040
epoch:167 0.7704  0.9295  0.9193  0.1647  0.6536  0.8230  0.5187  0.8236  0.8236  0.2536  0.7560  0.8529  0.1469  0.000040
epoch:168 0.7726  0.9341  0.9241  0.1476  0.6522  0.8260  0.5211  0.8264  0.8264  0.2386  0.7604  0.8569  0.1471  0.000040
epoch:169 0.7710  0.9317  0.9197  0.1525  0.6529  0.8228  0.5207  0.8247  0.8247  0.2286  0.7611  0.8527  0.1472  0.000040
epoch:170 0.7750  0.9359  0.9279  0.1585  0.6592  0.8245  0.5209  0.8292  0.8292  0.2586  0.7634  0.8575  0.1479  0.000040
epoch:171 0.7735  0.9349  0.9227  0.1555  0.6537  0.8263  0.5220  0.8271  0.8271  0.2536  0.7551  0.8585  0.1462  0.000040
epoch:172 0.7746  0.9340  0.9260  0.1508  0.6552  0.8278  0.5213  0.8283  0.8283  0.2586  0.7586  0.8588  0.1472  0.000040
epoch:173 0.7737  0.9347  0.9268  0.1628  0.6616  0.8214  0.5216  0.8258  0.8258  0.2636  0.7632  0.8513  0.1468  0.000040
epoch:174 0.7729  0.9331  0.9249  0.1447  0.6606  0.8233  0.5217  0.8250  0.8250  0.2336  0.7625  0.8524  0.1460  0.000040
epoch:175 0.7726  0.9316  0.9233  0.1487  0.6583  0.8257  0.5227  0.8276  0.8276  0.2300  0.7640  0.8591  0.1476  0.000040
epoch:176 0.7743  0.9325  0.9243  0.1592  0.6533  0.8277  0.5209  0.8273  0.8273  0.2336  0.7599  0.8591  0.1475  0.000040
epoch:177 0.7718  0.9330  0.9248  0.1444  0.6529  0.8209  0.5210  0.8239  0.8239  0.2286  0.7572  0.8515  0.1458  0.000040
epoch:178 0.7748  0.9332  0.9252  0.1615  0.6593  0.8238  0.5227  0.8264  0.8264  0.2636  0.7629  0.8532  0.1460  0.000040
epoch:179 0.7744  0.9314  0.9235  0.1546  0.6597  0.8252  0.5233  0.8276  0.8276  0.2336  0.7671  0.8547  0.1460  0.000040
epoch:180 0.7711  0.9317  0.9197  0.1572  0.6596  0.8212  0.5213  0.8243  0.8243  0.2536  0.7569  0.8528  0.1474  0.000040
epoch:181 0.7741  0.9334  0.9255  0.1721  0.6597  0.8236  0.5228  0.8261  0.8261  0.2636  0.7640  0.8529  0.1467  0.000040
epoch:182 0.7735  0.9348  0.9264  0.1555  0.6551  0.8253  0.5214  0.8266  0.8266  0.2536  0.7599  0.8571  0.1473  0.000040
epoch:183 0.7698  0.9315  0.9194  0.1681  0.6517  0.8221  0.5209  0.8239  0.8239  0.2536  0.7538  0.8532  0.1472  0.000040
epoch:184 0.7748  0.9345  0.9265  0.1525  0.6537  0.8272  0.5221  0.8304  0.8304  0.2336  0.7643  0.8613  0.1474  0.000040
epoch:185 0.7722  0.9309  0.9225  0.1633  0.6509  0.8257  0.5218  0.8252  0.8252  0.2536  0.7574  0.8562  0.1465  0.000040
epoch:186 0.7735  0.9326  0.9243  0.1572  0.6574  0.8253  0.5210  0.8259  0.8259  0.2586  0.7610  0.8558  0.1473  0.000040
epoch:187 0.7736  0.9352  0.9251  0.1520  0.6532  0.8259  0.5219  0.8290  0.8290  0.2300  0.7620  0.8578  0.1449  0.000040
epoch:188 0.7732  0.9319  0.9239  0.1600  0.6607  0.8243  0.5226  0.8280  0.8280  0.2636  0.7617  0.8570  0.1461  0.000040
epoch:189 0.7745  0.9350  0.9267  0.1428  0.6560  0.8243  0.5223  0.8271  0.8271  0.2286  0.7607  0.8569  0.1467  0.000040
epoch:190 0.7735  0.9323  0.9224  0.1447  0.6635  0.8256  0.5213  0.8271  0.8271  0.2336  0.7654  0.8569  0.1460  0.000040
epoch:191 0.7706  0.9317  0.9236  0.1444  0.6547  0.8225  0.5202  0.8245  0.8245  0.2286  0.7578  0.8544  0.1465  0.000040
epoch:192 0.7738  0.9346  0.9244  0.1671  0.6515  0.8258  0.5226  0.8283  0.8283  0.2586  0.7584  0.8574  0.1467  0.000040
epoch:193 0.7718  0.9315  0.9216  0.1518  0.6652  0.8213  0.5211  0.8262  0.8262  0.2500  0.7672  0.8526  0.1467  0.000040
epoch:194 0.7721  0.9341  0.9219  0.1555  0.6551  0.8221  0.5220  0.8254  0.8254  0.2536  0.7567  0.8526  0.1466  0.000040
epoch:195 0.7720  0.9325  0.9224  0.1572  0.6617  0.8235  0.5212  0.8245  0.8245  0.2586  0.7581  0.8532  0.1467  0.000040
epoch:196 0.7739  0.9339  0.9237  0.1436  0.6547  0.8264  0.5213  0.8282  0.8282  0.2300  0.7572  0.8587  0.1461  0.000040
epoch:197 0.7721  0.9331  0.9230  0.1590  0.6515  0.8238  0.5207  0.8243  0.8243  0.2636  0.7560  0.8533  0.1460  0.000040
epoch:198 0.7718  0.9320  0.9221  0.1572  0.6523  0.8258  0.5202  0.8258  0.8258  0.2586  0.7561  0.8584  0.1460  0.000040
epoch:199 0.7720  0.9297  0.9216  0.1447  0.6551  0.8237  0.5197  0.8241  0.8241  0.2336  0.7577  0.8535  0.1455  0.000040
